Freq (hertz)	Ra (norm)	Xa (norm)	Za (norm)	SPL (dB)	Ze (ohms)	Xd (mm) 	WPhase (deg)	UPhase (deg)	CPhase (deg)	Delay (msec)	Efficiency (%)	Ein (volts)	Pin (watts)	Iin (amps)	ZePhase (deg)

10.000000	0.000070	0.010049	0.010050	57.162670	5.912114	2.041469	168.756028	168.756028	168.756028	3.174909	0.000237	2.830000	1.333251	0.478678	10.199644
10.144045	0.000072	0.010194	0.010194	57.411633	5.915477	2.041591	168.591331	168.591331	168.591331	3.177130	0.000251	2.830000	1.331865	0.478406	10.348607
10.290166	0.000074	0.010341	0.010341	57.660608	5.918944	2.041715	168.424144	168.424144	168.424144	3.179413	0.000266	2.830000	1.330439	0.478126	10.499803
10.438391	0.000076	0.010490	0.010490	57.909594	5.922519	2.041843	168.254425	168.254425	168.254425	3.181761	0.000282	2.830000	1.328971	0.477837	10.653268
10.588751	0.000079	0.010641	0.010641	58.158593	5.926205	2.041973	168.082133	168.082133	168.082133	3.184175	0.000299	2.830000	1.327461	0.477540	10.809038
10.741277	0.000081	0.010794	0.010794	58.407604	5.930006	2.042107	167.907224	167.907224	167.907224	3.186656	0.000317	2.830000	1.325906	0.477234	10.967151
10.896000	0.000083	0.010950	0.010950	58.656627	5.933925	2.042243	167.729655	167.729655	167.729655	3.189208	0.000336	2.830000	1.324306	0.476919	11.127644
11.052951	0.000086	0.011107	0.011108	58.905662	5.937967	2.042382	167.549383	167.549383	167.549383	3.191830	0.000356	2.830000	1.322659	0.476594	11.290556
11.212164	0.000088	0.011267	0.011268	59.154710	5.942136	2.042524	167.366361	167.366361	167.366361	3.194527	0.000378	2.830000	1.320964	0.476260	11.455926
11.373670	0.000091	0.011430	0.011430	59.403771	5.946436	2.042669	167.180544	167.180544	167.180544	3.197298	0.000401	2.830000	1.319219	0.475915	11.623794
11.537502	0.000093	0.011594	0.011595	59.652844	5.950871	2.042817	166.991885	166.991885	166.991885	3.200147	0.000425	2.830000	1.317423	0.475561	11.794202
11.703695	0.000096	0.011761	0.011762	59.901929	5.955446	2.042968	166.800336	166.800336	166.800336	3.203076	0.000451	2.830000	1.315575	0.475195	11.967190
11.872281	0.000099	0.011931	0.011931	60.151028	5.960166	2.043122	166.605847	166.605847	166.605847	3.206086	0.000478	2.830000	1.313673	0.474819	12.142801
12.043295	0.000102	0.012102	0.012103	60.400139	5.965036	2.043279	166.408368	166.408368	166.408368	3.209180	0.000507	2.830000	1.311716	0.474431	12.321078
12.216773	0.000105	0.012277	0.012277	60.649263	5.970060	2.043440	166.207849	166.207849	166.207849	3.212360	0.000538	2.830000	1.309701	0.474032	12.502065
12.392750	0.000108	0.012454	0.012454	60.898400	5.975245	2.043603	166.004238	166.004238	166.004238	3.215628	0.000570	2.830000	1.307628	0.473621	12.685807
12.571262	0.000111	0.012633	0.012633	61.147549	5.980595	2.043769	165.797480	165.797480	165.797480	3.218987	0.000605	2.830000	1.305493	0.473197	12.872350
12.752345	0.000114	0.012815	0.012815	61.396711	5.986116	2.043939	165.587523	165.587523	165.587523	3.222439	0.000642	2.830000	1.303297	0.472761	13.061740
12.936037	0.000117	0.012999	0.013000	61.645886	5.991816	2.044111	165.374309	165.374309	165.374309	3.225985	0.000681	2.830000	1.301036	0.472311	13.254025
13.122374	0.000121	0.013187	0.013187	61.895073	5.997698	2.044286	165.157783	165.157783	165.157783	3.229630	0.000722	2.830000	1.298709	0.471848	13.449253
13.311396	0.000124	0.013377	0.013377	62.144273	6.003771	2.044464	164.937887	164.937887	164.937887	3.233375	0.000766	2.830000	1.296314	0.471370	13.647474
13.503140	0.000128	0.013569	0.013570	62.393484	6.010041	2.044646	164.714561	164.714561	164.714561	3.237222	0.000813	2.830000	1.293850	0.470879	13.848737
13.697647	0.000131	0.013765	0.013765	62.642708	6.016514	2.044830	164.487746	164.487746	164.487746	3.241175	0.000863	2.830000	1.291313	0.470372	14.053095
13.894955	0.000135	0.013963	0.013964	62.891943	6.023199	2.045016	164.257378	164.257378	164.257378	3.245236	0.000916	2.830000	1.288702	0.469850	14.260600
14.095105	0.000139	0.014164	0.014165	63.141189	6.030102	2.045206	164.023396	164.023396	164.023396	3.249408	0.000972	2.830000	1.286015	0.469312	14.471305
14.298139	0.000143	0.014368	0.014369	63.390446	6.037232	2.045398	163.785734	163.785734	163.785734	3.253693	0.001031	2.830000	1.283249	0.468758	14.685264
14.504097	0.000147	0.014575	0.014576	63.639714	6.044596	2.045593	163.544327	163.544327	163.544327	3.258095	0.001095	2.830000	1.280403	0.468187	14.902533
14.713021	0.000152	0.014785	0.014786	63.888992	6.052204	2.045790	163.299106	163.299106	163.299106	3.262616	0.001162	2.830000	1.277473	0.467598	15.123169
14.924955	0.000156	0.014998	0.014999	64.138279	6.060065	2.045989	163.050004	163.050004	163.050004	3.267259	0.001234	2.830000	1.274458	0.466992	15.347229
15.139942	0.000161	0.015214	0.015215	64.387575	6.068187	2.046191	162.796950	162.796950	162.796950	3.272027	0.001310	2.830000	1.271355	0.466367	15.574773
15.358026	0.000165	0.015433	0.015434	64.636879	6.076580	2.046394	162.539871	162.539871	162.539871	3.276923	0.001391	2.830000	1.268161	0.465722	15.805860
15.579251	0.000170	0.015655	0.015656	64.886191	6.085255	2.046599	162.278694	162.278694	162.278694	3.281950	0.001477	2.830000	1.264875	0.465059	16.040552
15.803663	0.000175	0.015881	0.015882	65.135510	6.094222	2.046807	162.013343	162.013343	162.013343	3.287111	0.001568	2.830000	1.261492	0.464374	16.278911
16.031307	0.000180	0.016109	0.016110	65.384835	6.103492	2.047015	161.743741	161.743741	161.743741	3.292409	0.001665	2.830000	1.258010	0.463669	16.521000
16.262231	0.000185	0.016341	0.016342	65.634164	6.113077	2.047225	161.469810	161.469810	161.469810	3.297848	0.001769	2.830000	1.254428	0.462942	16.766886
16.496481	0.000191	0.016577	0.016578	65.883497	6.122989	2.047435	161.191468	161.191468	161.191468	3.303431	0.001879	2.830000	1.250740	0.462193	17.016633
16.734105	0.000196	0.016815	0.016817	66.132833	6.133241	2.047647	160.908632	160.908632	160.908632	3.309160	0.001996	2.830000	1.246946	0.461420	17.270310
16.975152	0.000202	0.017058	0.017059	66.382170	6.143844	2.047858	160.621219	160.621219	160.621219	3.315040	0.002120	2.830000	1.243040	0.460624	17.527986
17.219671	0.000208	0.017303	0.017305	66.631506	6.154815	2.048070	160.329142	160.329142	160.329142	3.321072	0.002253	2.830000	1.239022	0.459803	17.789730
17.467712	0.000214	0.017552	0.017554	66.880841	6.166166	2.048281	160.032311	160.032311	160.032311	3.327262	0.002394	2.830000	1.234886	0.458956	18.055615
17.719326	0.000220	0.017805	0.017807	67.130173	6.177913	2.048492	159.730637	159.730637	159.730637	3.333612	0.002544	2.830000	1.230630	0.458084	18.325712
17.974565	0.000226	0.018062	0.018063	67.379499	6.190072	2.048702	159.424027	159.424027	159.424027	3.340125	0.002704	2.830000	1.226250	0.457184	18.600098
18.233480	0.000233	0.018322	0.018323	67.628818	6.202659	2.048910	159.112385	159.112385	159.112385	3.346805	0.002875	2.830000	1.221744	0.456256	18.878847
18.496125	0.000240	0.018586	0.018587	67.878128	6.215693	2.049115	158.795615	158.795615	158.795615	3.353655	0.003056	2.830000	1.217106	0.455299	19.162036
18.762553	0.000247	0.018853	0.018855	68.127426	6.229190	2.049318	158.473616	158.473616	158.473616	3.360679	0.003249	2.830000	1.212335	0.454313	19.449745
19.032818	0.000254	0.019125	0.019126	68.376709	6.243170	2.049518	158.146287	158.146287	158.146287	3.367880	0.003455	2.830000	1.207425	0.453295	19.742053
19.306977	0.000261	0.019400	0.019402	68.625976	6.257654	2.049714	157.813523	157.813523	157.813523	3.375260	0.003675	2.830000	1.202373	0.452246	20.039042
19.585085	0.000269	0.019680	0.019681	68.875222	6.272662	2.049905	157.475218	157.475218	157.475218	3.382824	0.003909	2.830000	1.197176	0.451164	20.340794
19.867199	0.000277	0.019963	0.019965	69.124446	6.288217	2.050091	157.131262	157.131262	157.131262	3.390575	0.004158	2.830000	1.191828	0.450048	20.647395
20.153377	0.000285	0.020250	0.020252	69.373642	6.304342	2.050271	156.781544	156.781544	156.781544	3.398516	0.004424	2.830000	1.186326	0.448897	20.958931
20.443677	0.000293	0.020542	0.020544	69.622809	6.321061	2.050443	156.425947	156.425947	156.425947	3.406649	0.004708	2.830000	1.180667	0.447710	21.275487
20.738158	0.000301	0.020838	0.020840	69.871941	6.338400	2.050608	156.064356	156.064356	156.064356	3.414979	0.005011	2.830000	1.174844	0.446485	21.597154
21.036882	0.000310	0.021138	0.021140	70.121035	6.356387	2.050764	155.696650	155.696650	155.696650	3.423508	0.005334	2.830000	1.168855	0.445221	21.924022
21.339908	0.000319	0.021442	0.021445	70.370086	6.375050	2.050909	155.322706	155.322706	155.322706	3.432239	0.005679	2.830000	1.162694	0.443918	22.256182
21.647300	0.000328	0.021751	0.021754	70.619089	6.394419	2.051044	154.942398	154.942398	154.942398	3.441175	0.006047	2.830000	1.156358	0.442573	22.593726
21.959119	0.000338	0.022064	0.022067	70.868038	6.414525	2.051166	154.555597	154.555597	154.555597	3.450318	0.006440	2.830000	1.149841	0.441186	22.936750
22.275430	0.000348	0.022382	0.022385	71.116929	6.435403	2.051274	154.162171	154.162171	154.162171	3.459670	0.006859	2.830000	1.143138	0.439755	23.285348
22.596297	0.000358	0.022704	0.022707	71.365754	6.457088	2.051366	153.761986	153.761986	153.761986	3.469235	0.007308	2.830000	1.136246	0.438278	23.639618
22.921786	0.000368	0.023031	0.023034	71.614508	6.479618	2.051442	153.354902	153.354902	153.354902	3.479015	0.007787	2.830000	1.129158	0.436754	23.999657
23.251963	0.000379	0.023363	0.023366	71.863184	6.503031	2.051500	152.940780	152.940780	152.940780	3.489010	0.008300	2.830000	1.121871	0.435182	24.365565
23.586897	0.000390	0.023699	0.023702	72.111774	6.527370	2.051537	152.519474	152.519474	152.519474	3.499223	0.008848	2.830000	1.114379	0.433559	24.737440
23.926655	0.000401	0.024040	0.024044	72.360270	6.552679	2.051553	152.090836	152.090836	152.090836	3.509656	0.009434	2.830000	1.106677	0.431884	25.115383
24.271307	0.000413	0.024387	0.024390	72.608663	6.579004	2.051544	151.654716	151.654716	151.654716	3.520308	0.010061	2.830000	1.098760	0.430156	25.499497
24.620924	0.000425	0.024738	0.024741	72.856945	6.606396	2.051509	151.210960	151.210960	151.210960	3.531182	0.010733	2.830000	1.090623	0.428373	25.889882
24.975577	0.000437	0.025094	0.025098	73.105106	6.634908	2.051446	150.759408	150.759408	150.759408	3.542276	0.011452	2.830000	1.082260	0.426532	26.286642
25.335338	0.000450	0.025455	0.025459	73.353136	6.664595	2.051352	150.299902	150.299902	150.299902	3.553592	0.012222	2.830000	1.073667	0.424632	26.689879
25.700282	0.000463	0.025822	0.025826	73.601023	6.695516	2.051224	149.832274	149.832274	149.832274	3.565129	0.013047	2.830000	1.064839	0.422671	27.099695
26.070482	0.000476	0.026193	0.026198	73.848756	6.727735	2.051060	149.356359	149.356359	149.356359	3.576886	0.013932	2.830000	1.055769	0.420647	27.516192
26.446016	0.000490	0.026570	0.026575	74.096323	6.761319	2.050856	148.871984	148.871984	148.871984	3.588861	0.014880	2.830000	1.046454	0.418557	27.939473
26.826958	0.000504	0.026953	0.026958	74.343709	6.796339	2.050611	148.378975	148.378975	148.378975	3.601052	0.015898	2.830000	1.036887	0.416401	28.369639
27.213388	0.000519	0.027341	0.027346	74.590901	6.832872	2.050319	147.877154	147.877154	147.877154	3.613456	0.016990	2.830000	1.027064	0.414174	28.806788
27.605384	0.000534	0.027735	0.027740	74.837883	6.870998	2.049979	147.366338	147.366338	147.366338	3.626070	0.018162	2.830000	1.016979	0.411876	29.251020
28.003026	0.000549	0.028134	0.028139	75.084640	6.910805	2.049585	146.846344	146.846344	146.846344	3.638890	0.019422	2.830000	1.006629	0.409504	29.702431
28.406397	0.000565	0.028539	0.028545	75.331155	6.952385	2.049135	146.316983	146.316983	146.316983	3.651911	0.020775	2.830000	0.996007	0.407055	30.161113
28.815578	0.000582	0.028950	0.028956	75.577409	6.995837	2.048623	145.778065	145.778065	145.778065	3.665127	0.022231	2.830000	0.985109	0.404526	30.627158
29.230652	0.000599	0.029366	0.029373	75.823382	7.041267	2.048045	145.229395	145.229395	145.229395	3.678531	0.023796	2.830000	0.973931	0.401916	31.100652
29.651706	0.000616	0.029789	0.029796	76.069055	7.088788	2.047397	144.670776	144.670776	144.670776	3.692115	0.025481	2.830000	0.962469	0.399222	31.581678
30.078825	0.000634	0.030218	0.030225	76.314406	7.138522	2.046674	144.102008	144.102008	144.102008	3.705870	0.027295	2.830000	0.950718	0.396441	32.070313
30.512097	0.000652	0.030653	0.030660	76.559412	7.190599	2.045869	143.522889	143.522889	143.522889	3.719787	0.029250	2.830000	0.938674	0.393569	32.566629
30.951609	0.000671	0.031094	0.031101	76.804048	7.245160	2.044978	142.933214	142.933214	142.933214	3.733854	0.031357	2.830000	0.926335	0.390606	33.070689
31.397452	0.000691	0.031542	0.031549	77.048289	7.302355	2.043995	142.332775	142.332775	142.332775	3.748058	0.033630	2.830000	0.913696	0.387546	33.582550
31.849718	0.000711	0.031996	0.032004	77.292106	7.362348	2.042912	141.721366	141.721366	141.721366	3.762385	0.036083	2.830000	0.900756	0.384388	34.102258
32.308498	0.000731	0.032456	0.032465	77.535472	7.425312	2.041725	141.098773	141.098773	141.098773	3.776820	0.038732	2.830000	0.887511	0.381129	34.629851
32.773887	0.000753	0.032923	0.032932	77.778355	7.491437	2.040424	140.464786	140.464786	140.464786	3.791344	0.041595	2.830000	0.873961	0.377765	35.165352
33.245979	0.000774	0.033397	0.033406	78.020724	7.560928	2.039004	139.819192	139.819192	139.819192	3.805940	0.044691	2.830000	0.860103	0.374293	35.708770
33.724872	0.000797	0.033878	0.033887	78.262543	7.634005	2.037457	139.161778	139.161778	139.161778	3.820586	0.048041	2.830000	0.845939	0.370710	36.260102
34.210663	0.000820	0.034366	0.034375	78.503777	7.710907	2.035773	138.492330	138.492330	138.492330	3.835259	0.051669	2.830000	0.831466	0.367013	36.819324
34.703452	0.000844	0.034860	0.034870	78.744388	7.791896	2.033945	137.810634	137.810634	137.810634	3.849935	0.055600	2.830000	0.816687	0.363198	37.386392
35.203338	0.000868	0.035362	0.035373	78.984335	7.877252	2.031964	137.116480	137.116480	137.116480	3.864587	0.059864	2.830000	0.801604	0.359262	37.961241
35.710426	0.000894	0.035871	0.035882	79.223578	7.967283	2.029821	136.409657	136.409657	136.409657	3.879185	0.064493	2.830000	0.786218	0.355203	38.543778
36.224818	0.000919	0.036387	0.036399	79.462070	8.062326	2.027504	135.689957	135.689957	135.689957	3.893697	0.069520	2.830000	0.770533	0.351015	39.133882
36.746619	0.000946	0.036911	0.036923	79.699766	8.162744	2.025005	134.957174	134.957174	134.957174	3.908091	0.074986	2.830000	0.754555	0.346697	39.731400
37.275937	0.000974	0.037442	0.037454	79.936617	8.268939	2.022313	134.211107	134.211107	134.211107	3.922328	0.080934	2.830000	0.738289	0.342245	40.336140
37.812880	0.001002	0.037980	0.037994	80.172570	8.381349	2.019416	133.451559	133.451559	133.451559	3.936370	0.087412	2.830000	0.721742	0.337654	40.947869
38.357556	0.001031	0.038527	0.038541	80.407574	8.500456	2.016302	132.678340	132.678340	132.678340	3.950174	0.094474	2.830000	0.704923	0.332923	41.566308
38.910079	0.001061	0.039081	0.039096	80.641570	8.626788	2.012960	131.891265	131.891265	131.891265	3.963697	0.102179	2.830000	0.687842	0.328048	42.191122
39.470560	0.001092	0.039644	0.039659	80.874501	8.760930	2.009378	131.090156	131.090156	131.090156	3.976889	0.110596	2.830000	0.670510	0.323025	42.821918
40.039115	0.001123	0.040214	0.040230	81.106304	8.903527	2.005542	130.274845	130.274845	130.274845	3.989701	0.119799	2.830000	0.652940	0.317852	43.458233
40.615860	0.001156	0.040792	0.040809	81.336916	9.055292	2.001439	129.445175	129.445175	129.445175	4.002079	0.129871	2.830000	0.635148	0.312524	44.099525
41.200912	0.001189	0.041379	0.041396	81.566269	9.217018	1.997055	128.600997	128.600997	128.600997	4.013966	0.140906	2.830000	0.617150	0.307041	44.745167
41.794392	0.001224	0.041975	0.041992	81.794295	9.389586	1.992377	127.742177	127.742177	127.742177	4.025302	0.153011	2.830000	0.598964	0.301398	45.394430
42.396421	0.001259	0.042578	0.042597	82.020920	9.573980	1.987389	126.868595	126.868595	126.868595	4.036026	0.166303	2.830000	0.580613	0.295593	46.046469
43.007121	0.001296	0.043191	0.043210	82.246071	9.771301	1.982078	125.980145	125.980145	125.980145	4.046071	0.180915	2.830000	0.562118	0.289624	46.700310
43.626619	0.001333	0.043812	0.043832	82.469670	9.982782	1.976428	125.076739	125.076739	125.076739	4.055370	0.196997	2.830000	0.543504	0.283488	47.354828
44.255040	0.001372	0.044442	0.044464	82.691636	10.209813	1.970425	124.158308	124.158308	124.158308	4.063851	0.214717	2.830000	0.524798	0.277184	48.008725
44.892513	0.001412	0.045082	0.045104	82.911888	10.453964	1.964052	123.224801	123.224801	123.224801	4.071442	0.234264	2.830000	0.506031	0.270711	48.660504
45.539168	0.001453	0.045730	0.045753	83.130339	10.717012	1.957294	122.276193	122.276193	122.276193	4.078065	0.255853	2.830000	0.487234	0.264066	49.308435
46.195138	0.001495	0.046388	0.046412	83.346904	11.000979	1.950137	121.312478	121.312478	121.312478	4.083645	0.279724	2.830000	0.468442	0.257250	49.950519
46.860558	0.001538	0.047055	0.047080	83.561492	11.308173	1.942564	120.333677	120.333677	120.333677	4.088100	0.306147	2.830000	0.449690	0.250261	50.584443
47.535562	0.001583	0.047731	0.047758	83.774012	11.641243	1.934560	119.339840	119.339840	119.339840	4.091350	0.335428	2.830000	0.431018	0.243101	51.207522
48.220290	0.001629	0.048418	0.048445	83.984370	12.003234	1.926110	118.331044	118.331044	118.331044	4.093313	0.367910	2.830000	0.412468	0.235770	51.816630
48.914880	0.001676	0.049114	0.049143	84.192473	12.397672	1.917199	117.307396	117.307396	117.307396	4.093905	0.403976	2.830000	0.394081	0.228269	52.408122
49.619476	0.001725	0.049820	0.049850	84.398223	12.828656	1.907813	116.269035	116.269035	116.269035	4.093045	0.444056	2.830000	0.375906	0.220600	52.977723
50.334221	0.001775	0.050536	0.050568	84.601523	13.300975	1.897938	115.216134	115.216134	115.216134	4.090649	0.488628	2.830000	0.357988	0.212766	53.520404
51.059262	0.001826	0.051263	0.051295	84.802276	13.820254	1.887562	114.148902	114.148902	114.148902	4.086636	0.538222	2.830000	0.340377	0.204772	54.030214
51.794747	0.001879	0.052000	0.052034	85.000382	14.393145	1.876670	113.067583	113.067583	113.067583	4.080925	0.593420	2.830000	0.323125	0.196621	54.500076
52.540826	0.001934	0.052747	0.052783	85.195743	15.027553	1.865252	111.972460	111.972460	111.972460	4.073439	0.654854	2.830000	0.306284	0.188321	54.921515
53.297652	0.001990	0.053506	0.053543	85.388261	15.732941	1.853298	110.863852	110.863852	110.863852	4.064104	0.723203	2.830000	0.289908	0.179877	55.284310
54.065379	0.002047	0.054275	0.054313	85.577838	16.520708	1.840797	109.742120	109.742120	109.742120	4.052848	0.799182	2.830000	0.274052	0.171300	55.576039
54.844166	0.002107	0.055055	0.055095	85.764378	17.404680	1.827741	108.607663	108.607663	108.607663	4.039604	0.883523	2.830000	0.258770	0.162600	55.781473
55.634170	0.002168	0.055846	0.055888	85.947786	18.401745	1.814125	107.460922	107.460922	107.460922	4.024311	0.976948	2.830000	0.244119	0.153790	55.881760
56.435554	0.002231	0.056648	0.056692	86.127969	19.532667	1.799942	106.302378	106.302378	106.302378	4.006914	1.080126	2.830000	0.230153	0.144885	55.853329
57.248482	0.002295	0.057462	0.057508	86.304838	20.823135	1.785190	105.132552	105.132552	105.132552	3.987364	1.193614	2.830000	0.216927	0.135907	55.666371
58.073119	0.002362	0.058288	0.058336	86.478305	22.305093	1.769865	103.952005	103.952005	103.952005	3.965619	1.317776	2.830000	0.204495	0.126877	55.282752
58.909635	0.002430	0.059126	0.059175	86.648286	24.018359	1.753969	102.761336	102.761336	102.761336	3.941646	1.452683	2.830000	0.192909	0.117827	54.653085
59.758201	0.002501	0.059975	0.060027	86.814704	26.012475	1.737503	101.561184	101.561184	101.561184	3.915422	1.597985	2.830000	0.182218	0.108794	53.712631
60.618990	0.002573	0.060837	0.060891	86.977482	28.348448	1.720471	100.352222	100.352222	100.352222	3.886931	1.752772	2.830000	0.172471	0.099829	52.375561
61.492178	0.002648	0.061710	0.061767	87.136552	31.099374	1.702879	99.135160	99.135160	99.135160	3.856169	1.915432	2.830000	0.163713	0.090999	50.527063
62.377944	0.002725	0.062597	0.062656	87.291849	34.347396	1.684736	97.910739	97.910739	97.910739	3.823140	2.083526	2.830000	0.155984	0.082393	48.013023
63.276469	0.002804	0.063496	0.063558	87.443316	38.170845	1.666052	96.679729	96.679729	96.679729	3.787862	2.253719	2.830000	0.149323	0.074140	44.628183
64.187937	0.002885	0.064408	0.064472	87.590900	42.608399	1.646840	95.442930	95.442930	95.442930	3.750360	2.421801	2.830000	0.143763	0.066419	40.107601
65.112534	0.002968	0.065332	0.065400	87.734556	47.576774	1.627114	94.201164	94.201164	94.201164	3.710672	2.582842	2.830000	0.139332	0.059483	34.136565
66.050449	0.003055	0.066270	0.066341	87.874248	52.719040	1.606891	92.955275	92.955275	92.955275	3.668848	2.731496	2.830000	0.136056	0.053681	26.414636
67.001875	0.003143	0.067222	0.067295	88.009943	57.228732	1.586190	91.706123	91.706123	91.706123	3.624947	2.862435	2.830000	0.133953	0.049451	16.827326
67.967006	0.003234	0.068187	0.068263	88.141620	59.900925	1.565032	90.454582	90.454582	90.454582	3.579038	2.970879	2.830000	0.133037	0.047245	5.720083
68.946038	0.003328	0.069166	0.069246	88.269263	59.750899	1.543440	89.201538	89.201538	89.201538	3.531203	3.053109	2.830000	0.133315	0.047363	-5.955162
69.939174	0.003424	0.070158	0.070242	88.392865	56.832781	1.521439	87.947878	87.947878	87.947878	3.481529	3.106875	2.830000	0.134790	0.049795	-16.962466
70.946615	0.003524	0.071165	0.071252	88.512427	52.189925	1.499055	86.694496	86.694496	86.694496	3.430116	3.131595	2.830000	0.137458	0.054225	-26.395463
71.968567	0.003626	0.072186	0.072277	88.627957	47.009944	1.476315	85.442278	85.442278	85.442278	3.377070	3.128325	2.830000	0.141312	0.060200	-33.956773
73.005241	0.003731	0.073222	0.073317	88.739472	42.056637	1.453249	84.192108	84.192108	84.192108	3.322504	3.099513	2.830000	0.146335	0.067290	-39.786020
74.056847	0.003839	0.074272	0.074371	88.846996	37.654889	1.429887	82.944856	82.944856	82.944856	3.266539	3.048602	2.830000	0.152508	0.075156	-44.189578
75.123601	0.003950	0.075338	0.075441	88.950561	33.871333	1.406260	81.701380	81.701380	81.701380	3.209300	2.979589	2.830000	0.159806	0.083551	-47.479427
76.205721	0.004065	0.076418	0.076526	89.050205	30.660417	1.382400	80.462519	80.462519	80.462519	3.150916	2.896617	2.830000	0.168199	0.092301	-49.915564
77.303429	0.004182	0.077514	0.077627	89.145976	27.941690	1.358340	79.229089	79.229089	79.229089	3.091520	2.803636	2.830000	0.177652	0.101282	-51.698625
78.416948	0.004304	0.078626	0.078743	89.237925	25.632878	1.334113	78.001883	78.001883	78.001883	3.031247	2.704195	2.830000	0.188126	0.110405	-52.979077
79.546508	0.004428	0.079753	0.079876	89.326112	23.661446	1.309750	76.781665	76.781665	76.781665	2.970233	2.601310	2.830000	0.199578	0.119604	-53.869025
80.692338	0.004557	0.080896	0.081024	89.410602	21.967115	1.285287	75.569169	75.569169	75.569169	2.908613	2.497438	2.830000	0.211963	0.128829	-54.452349
81.854673	0.004689	0.082056	0.082189	89.491465	20.501032	1.260754	74.365094	74.365094	74.365094	2.846524	2.394493	2.830000	0.225231	0.138042	-54.792386
83.033751	0.004824	0.083231	0.083371	89.568776	19.223965	1.236185	73.170107	73.170107	73.170107	2.784097	2.293904	2.830000	0.239330	0.147212	-54.937522
84.229813	0.004964	0.084424	0.084570	89.642616	18.104450	1.211611	71.984836	71.984836	71.984836	2.721464	2.196687	2.830000	0.254207	0.156315	-54.925175
85.443104	0.005108	0.085634	0.085786	89.713067	17.117180	1.187063	70.809870	70.809870	70.809870	2.658750	2.103522	2.830000	0.269807	0.165331	-54.784636
86.673872	0.005256	0.086860	0.087019	89.780219	16.241696	1.162572	69.645762	69.645762	69.645762	2.596079	2.014822	2.830000	0.286075	0.174243	-54.539111
87.922369	0.005408	0.088104	0.088270	89.844160	15.461352	1.138166	68.493022	68.493022	68.493022	2.533567	1.930795	2.830000	0.302952	0.183037	-54.207186
89.188849	0.005565	0.089366	0.089539	89.904984	14.762513	1.113873	67.352121	67.352121	67.352121	2.471328	1.851497	2.830000	0.320383	0.191702	-53.803904
90.473572	0.005726	0.090645	0.090826	89.962786	14.133932	1.089721	66.223488	66.223488	66.223488	2.409465	1.776876	2.830000	0.338311	0.200227	-53.341557
91.776802	0.005892	0.091943	0.092131	90.017661	13.566269	1.065734	65.107512	65.107512	65.107512	2.348080	1.706802	2.830000	0.356679	0.208606	-52.830275
93.098803	0.006062	0.093259	0.093455	90.069708	13.051716	1.041936	64.004544	64.004544	64.004544	2.287264	1.641093	2.830000	0.375433	0.216830	-52.278477
94.439848	0.006238	0.094593	0.094799	90.119024	12.583703	1.018350	62.914893	62.914893	62.914893	2.227104	1.579539	2.830000	0.394518	0.224894	-51.693207
95.800210	0.006419	0.095946	0.096161	90.165707	12.156666	0.994998	61.838831	61.838831	61.838831	2.167679	1.521908	2.830000	0.413882	0.232794	-51.080397
97.180167	0.006604	0.097319	0.097543	90.209856	11.765871	0.971898	60.776592	60.776592	60.776592	2.109061	1.467966	2.830000	0.433475	0.240526	-50.445072
98.580001	0.006796	0.098710	0.098944	90.251568	11.407263	0.949069	59.728374	59.728374	59.728374	2.051316	1.417476	2.830000	0.453247	0.248088	-49.791509
100.000000	0.006992	0.100122	0.100366	90.290940	11.077352	0.926528	58.694340	58.694340	58.694340	1.994501	1.370208	2.830000	0.473153	0.255476	-49.123366
101.440453	0.007195	0.101553	0.101807	90.328068	10.773120	0.904289	57.674621	57.674621	57.674621	1.938669	1.325940	2.830000	0.493148	0.262691	-48.443784
102.901655	0.007403	0.103004	0.103270	90.363045	10.491947	0.882366	56.669313	56.669313	56.669313	1.883864	1.284462	2.830000	0.513189	0.269731	-47.755465
104.383905	0.007617	0.104476	0.104753	90.395964	10.231543	0.860772	55.678485	55.678485	55.678485	1.830125	1.245575	2.830000	0.533238	0.276596	-47.060744
105.887506	0.007838	0.105968	0.106258	90.426916	9.989906	0.839517	54.702177	54.702177	54.702177	1.777485	1.209093	2.830000	0.553256	0.283286	-46.361641
107.412766	0.008065	0.107482	0.107784	90.455989	9.765271	0.818610	53.740401	53.740401	53.740401	1.725972	1.174843	2.830000	0.573210	0.289803	-45.659904
108.959997	0.008298	0.109016	0.109332	90.483270	9.556082	0.798060	52.793144	52.793144	52.793144	1.675607	1.142663	2.830000	0.593066	0.296146	-44.957053
110.529514	0.008538	0.110572	0.110902	90.508842	9.360961	0.777874	51.860371	51.860371	51.860371	1.626406	1.112404	2.830000	0.612796	0.302319	-44.254405
112.121640	0.008785	0.112150	0.112494	90.532788	9.178682	0.758058	50.942025	50.942025	50.942025	1.578382	1.083929	2.830000	0.632372	0.308323	-43.553103
113.736699	0.009039	0.113750	0.114109	90.555186	9.008153	0.738616	50.038027	50.038027	50.038027	1.531543	1.057110	2.830000	0.651768	0.314160	-42.854138
115.375023	0.009301	0.115373	0.115747	90.576113	8.848397	0.719551	49.148282	49.148282	49.148282	1.485891	1.031829	2.830000	0.670962	0.319832	-42.158371
117.036946	0.009570	0.117018	0.117408	90.595642	8.698539	0.700866	48.272678	48.272678	48.272678	1.441426	1.007979	2.830000	0.689933	0.325342	-41.466543
118.722808	0.009846	0.118685	0.119093	90.613845	8.557790	0.682564	47.411087	47.411087	47.411087	1.398146	0.985460	2.830000	0.708663	0.330693	-40.779295
120.432955	0.010131	0.120377	0.120802	90.630790	8.425443	0.664644	46.563367	46.563367	46.563367	1.356042	0.964181	2.830000	0.727135	0.335887	-40.097178
122.167735	0.010424	0.122091	0.122536	90.646543	8.300855	0.647106	45.729364	45.729364	45.729364	1.315107	0.944056	2.830000	0.745334	0.340929	-39.420663
123.927504	0.010725	0.123830	0.124294	90.661167	8.183447	0.629950	44.908914	44.908914	44.908914	1.275327	0.925007	2.830000	0.763248	0.345820	-38.750150
125.712621	0.011035	0.125593	0.126077	90.674722	8.072693	0.613175	44.101841	44.101841	44.101841	1.236688	0.906964	2.830000	0.780866	0.350565	-38.085980
127.523453	0.011354	0.127380	0.127885	90.687266	7.968113	0.596777	43.307963	43.307963	43.307963	1.199175	0.889859	2.830000	0.798178	0.355166	-37.428434
129.360368	0.011683	0.129192	0.129719	90.698854	7.869272	0.580755	42.527087	42.527087	42.527087	1.162770	0.873632	2.830000	0.815176	0.359627	-36.777747
131.223743	0.012020	0.131029	0.131579	90.709539	7.775772	0.565106	41.759018	41.759018	41.759018	1.127454	0.858226	2.830000	0.831853	0.363951	-36.134112
133.113960	0.012368	0.132892	0.133466	90.719372	7.687249	0.549825	41.003552	41.003552	41.003552	1.093205	0.843589	2.830000	0.848204	0.368142	-35.497681
135.031404	0.012725	0.134780	0.135379	90.728399	7.603370	0.534909	40.260481	40.260481	40.260481	1.060003	0.829673	2.830000	0.864226	0.372203	-34.868571
136.976468	0.013093	0.136694	0.137320	90.736668	7.523829	0.520352	39.529595	39.529595	39.529595	1.027825	0.816434	2.830000	0.879914	0.376138	-34.246873
138.949549	0.013471	0.138635	0.139288	90.744220	7.448345	0.506151	38.810680	38.810680	38.810680	0.996648	0.803829	2.830000	0.895267	0.379950	-33.632646
140.951052	0.013860	0.140603	0.141284	90.751097	7.376661	0.492300	38.103519	38.103519	38.103519	0.966448	0.791821	2.830000	0.910284	0.383642	-33.025928
142.981386	0.014260	0.142597	0.143309	90.757338	7.308537	0.478794	37.407894	37.407894	37.407894	0.937202	0.780375	2.830000	0.924964	0.387218	-32.426735
145.040966	0.014672	0.144619	0.145362	90.762980	7.243754	0.465628	36.723586	36.723586	36.723586	0.908886	0.769456	2.830000	0.939309	0.390681	-31.835065
147.130213	0.015095	0.146669	0.147444	90.768057	7.182109	0.452795	36.050377	36.050377	36.050377	0.881474	0.759035	2.830000	0.953319	0.394035	-31.250898
149.249555	0.015531	0.148747	0.149555	90.772604	7.123415	0.440289	35.388046	35.388046	35.388046	0.854942	0.749083	2.830000	0.966996	0.397281	-30.674201
151.399424	0.015979	0.150853	0.151697	90.776650	7.067497	0.428106	34.736374	34.736374	34.736374	0.829267	0.739574	2.830000	0.980342	0.400425	-30.104928
153.580262	0.016440	0.152988	0.153868	90.780226	7.014194	0.416238	34.095145	34.095145	34.095145	0.804424	0.730482	2.830000	0.993361	0.403468	-29.543019
155.792513	0.016915	0.155152	0.156071	90.783360	6.963357	0.404679	33.464141	33.464141	33.464141	0.780388	0.721785	2.830000	1.006056	0.406413	-28.988408
158.036631	0.017403	0.157345	0.158304	90.786077	6.914845	0.393423	32.843147	32.843147	32.843147	0.757135	0.713462	2.830000	1.018430	0.409264	-28.441017
160.313075	0.017905	0.159568	0.160570	90.788402	6.868530	0.382464	32.231949	32.231949	32.231949	0.734644	0.705491	2.830000	1.030488	0.412024	-27.900764
162.622309	0.018421	0.161821	0.162867	90.790360	6.824290	0.371795	31.630336	31.630336	31.630336	0.712889	0.697855	2.830000	1.042234	0.414695	-27.367556
164.964807	0.018952	0.164105	0.165196	90.791970	6.782014	0.361410	31.038100	31.038100	31.038100	0.691848	0.690535	2.830000	1.053673	0.417280	-26.841299
167.341048	0.019498	0.166420	0.167558	90.793255	6.741596	0.351304	30.455034	30.455034	30.455034	0.671500	0.683515	2.830000	1.064809	0.419782	-26.321891
169.751517	0.020060	0.168766	0.169954	90.794233	6.702938	0.341468	29.880934	29.880934	29.880934	0.651821	0.676780	2.830000	1.075648	0.422203	-25.809228
172.196708	0.020638	0.171143	0.172383	90.794923	6.665949	0.331898	29.315600	29.315600	29.315600	0.632791	0.670315	2.830000	1.086194	0.424546	-25.303201
174.677121	0.021233	0.173553	0.174847	90.795341	6.630543	0.322587	28.758832	28.758832	28.758832	0.614388	0.664107	2.830000	1.096454	0.426813	-24.803698
177.193263	0.021845	0.175994	0.177345	90.795504	6.596638	0.313529	28.210436	28.210436	28.210436	0.596593	0.658143	2.830000	1.106431	0.429006	-24.310607
179.745648	0.022474	0.178468	0.179878	90.795425	6.564161	0.304718	27.670220	27.670220	27.670220	0.579385	0.652411	2.830000	1.116133	0.431129	-23.823813
182.334800	0.023121	0.180976	0.182447	90.795120	6.533040	0.296147	27.137995	27.137995	27.137995	0.562745	0.646899	2.830000	1.125564	0.433183	-23.343198
184.961247	0.023786	0.183516	0.185051	90.794601	6.503209	0.287812	26.613576	26.613576	26.613576	0.546654	0.641596	2.830000	1.134730	0.435170	-22.868644
187.625527	0.024471	0.186090	0.187692	90.793879	6.474606	0.279705	26.096779	26.096779	26.096779	0.531094	0.636494	2.830000	1.143636	0.437092	-22.400035
190.328185	0.025175	0.188699	0.190371	90.792967	6.447172	0.271822	25.587427	25.587427	25.587427	0.516046	0.631582	2.830000	1.152289	0.438952	-21.937250
193.069773	0.025899	0.191342	0.193086	90.791875	6.420852	0.264156	25.085342	25.085342	25.085342	0.501495	0.626851	2.830000	1.160693	0.440751	-21.480171
195.850852	0.026644	0.194019	0.195840	90.790612	6.395594	0.256702	24.590353	24.590353	24.590353	0.487422	0.622294	2.830000	1.168854	0.442492	-21.028678
198.671992	0.027410	0.196732	0.198632	90.789187	6.371350	0.249455	24.102289	24.102289	24.102289	0.473811	0.617901	2.830000	1.176777	0.444176	-20.582654
201.533769	0.028198	0.199480	0.201463	90.787609	6.348072	0.242409	23.620984	23.620984	23.620984	0.460648	0.613665	2.830000	1.184469	0.445805	-20.141980
204.436768	0.029008	0.202264	0.204334	90.785884	6.325718	0.235559	23.146276	23.146276	23.146276	0.447916	0.609580	2.830000	1.191933	0.447380	-19.706538
207.381584	0.029841	0.205084	0.207244	90.784021	6.304247	0.228900	22.678004	22.678004	22.678004	0.435602	0.605638	2.830000	1.199177	0.448904	-19.276212
210.368818	0.030698	0.207941	0.210195	90.782026	6.283620	0.222427	22.216013	22.216013	22.216013	0.423690	0.601834	2.830000	1.206204	0.450377	-18.850886
213.399082	0.031579	0.210835	0.213187	90.779904	6.263800	0.216135	21.760147	21.760147	21.760147	0.412167	0.598160	2.830000	1.213019	0.451802	-18.430445
216.472995	0.032486	0.213766	0.216221	90.777662	6.244752	0.210018	21.310256	21.310256	21.310256	0.401019	0.594611	2.830000	1.219629	0.453181	-18.014774
219.591187	0.033418	0.216735	0.219296	90.775303	6.226445	0.204073	20.866194	20.866194	20.866194	0.390234	0.591182	2.830000	1.226037	0.454513	-17.603761
222.754295	0.034376	0.219742	0.222414	90.772832	6.208846	0.198295	20.427814	20.427814	20.427814	0.379800	0.587867	2.830000	1.232248	0.455801	-17.197295
225.962966	0.035362	0.222787	0.225576	90.770253	6.191928	0.192678	19.994976	19.994976	19.994976	0.369704	0.584662	2.830000	1.238268	0.457047	-16.795264
229.217857	0.036375	0.225870	0.228781	90.767571	6.175661	0.187220	19.567540	19.567540	19.567540	0.359935	0.581562	2.830000	1.244101	0.458251	-16.397560
232.519632	0.037417	0.228993	0.232030	90.764787	6.160019	0.181914	19.145370	19.145370	19.145370	0.350481	0.578561	2.830000	1.249751	0.459414	-16.004075
235.868968	0.038489	0.232155	0.235324	90.761905	6.144979	0.176758	18.728333	18.728333	18.728333	0.341332	0.575657	2.830000	1.255223	0.460539	-15.614702
239.266550	0.039591	0.235357	0.238663	90.758927	6.130515	0.171748	18.316297	18.316297	18.316297	0.332478	0.572845	2.830000	1.260521	0.461625	-15.229337
242.713072	0.040724	0.238598	0.242049	90.755855	6.116606	0.166878	17.909135	17.909135	17.909135	0.323907	0.570120	2.830000	1.265650	0.462675	-14.847875
246.209240	0.041889	0.241880	0.245480	90.752691	6.103229	0.162146	17.506720	17.506720	17.506720	0.315611	0.567480	2.830000	1.270612	0.463689	-14.470214
249.755769	0.043086	0.245202	0.248959	90.749436	6.090366	0.157547	17.108930	17.108930	17.108930	0.307581	0.564920	2.830000	1.275414	0.464668	-14.096253
253.353383	0.044318	0.248566	0.252485	90.746092	6.077997	0.153078	16.715643	16.715643	16.715643	0.299806	0.562438	2.830000	1.280057	0.465614	-13.725892
257.002820	0.045584	0.251970	0.256060	90.742660	6.066103	0.148735	16.326741	16.326741	16.326741	0.292280	0.560029	2.830000	1.284546	0.466527	-13.359034
260.704825	0.046886	0.255416	0.259683	90.739139	6.054667	0.144514	15.942107	15.942107	15.942107	0.284992	0.557691	2.830000	1.288885	0.467408	-12.995580
264.460155	0.048224	0.258903	0.263356	90.735530	6.043673	0.140413	15.561629	15.561629	15.561629	0.277935	0.555422	2.830000	1.293078	0.468258	-12.635436
268.269580	0.049600	0.262433	0.267079	90.731834	6.033105	0.136428	15.185193	15.185193	15.185193	0.271101	0.553217	2.830000	1.297126	0.469079	-12.278507
272.133877	0.051014	0.266004	0.270852	90.728050	6.022948	0.132556	14.812689	14.812689	14.812689	0.264484	0.551074	2.830000	1.301035	0.469870	-11.924700
276.053838	0.052468	0.269619	0.274676	90.724178	6.013188	0.128793	14.444012	14.444012	14.444012	0.258074	0.548992	2.830000	1.304808	0.470632	-11.573924
280.030263	0.053962	0.273275	0.278552	90.720216	6.003811	0.125136	14.079053	14.079053	14.079053	0.251866	0.546966	2.830000	1.308446	0.471367	-11.226088
284.063968	0.055499	0.276975	0.282481	90.716165	5.994805	0.121583	13.717710	13.717710	13.717710	0.245852	0.544995	2.830000	1.311954	0.472075	-10.881103
288.155776	0.057078	0.280718	0.286462	90.712023	5.986157	0.118131	13.359881	13.359881	13.359881	0.240027	0.543076	2.830000	1.315334	0.472757	-10.538881
292.306525	0.058701	0.284504	0.290497	90.707789	5.977856	0.114776	13.005465	13.005465	13.005465	0.234383	0.541207	2.830000	1.318590	0.473414	-10.199337
296.517063	0.060369	0.288334	0.294586	90.703462	5.969890	0.111516	12.654364	12.654364	12.654364	0.228916	0.539386	2.830000	1.321724	0.474046	-9.862383
300.788252	0.062084	0.292207	0.298729	90.699039	5.962250	0.108349	12.306481	12.306481	12.306481	0.223618	0.537611	2.830000	1.324738	0.474653	-9.527936
305.120965	0.063846	0.296124	0.302928	90.694520	5.954925	0.105271	11.961721	11.961721	11.961721	0.218484	0.535880	2.830000	1.327635	0.475237	-9.195914
309.516090	0.065657	0.300085	0.307183	90.689901	5.947906	0.102280	11.619992	11.619992	11.619992	0.213509	0.534191	2.830000	1.330418	0.475798	-8.866233
313.974523	0.067519	0.304089	0.311495	90.685181	5.941183	0.099375	11.281200	11.281200	11.281200	0.208688	0.532541	2.830000	1.333089	0.476336	-8.538813
318.497179	0.069431	0.308138	0.315864	90.680358	5.934749	0.096551	10.945256	10.945256	10.945256	0.204016	0.530930	2.830000	1.335650	0.476853	-8.213574
323.084981	0.071397	0.312231	0.320290	90.675429	5.928594	0.093807	10.612070	10.612070	10.612070	0.199487	0.529355	2.830000	1.338104	0.477348	-7.890438
327.738869	0.073417	0.316368	0.324775	90.670391	5.922711	0.091142	10.281555	10.281555	10.281555	0.195097	0.527815	2.830000	1.340452	0.477822	-7.569326
332.459793	0.075492	0.320550	0.329319	90.665242	5.917093	0.088551	9.953625	9.953625	9.953625	0.190841	0.526309	2.830000	1.342697	0.478275	-7.250162
337.248720	0.077624	0.324775	0.333923	90.659978	5.911733	0.086034	9.628195	9.628195	9.628195	0.186716	0.524833	2.830000	1.344841	0.478709	-6.932871
342.106630	0.079815	0.329045	0.338586	90.654596	5.906624	0.083589	9.305181	9.305181	9.305181	0.182716	0.523388	2.830000	1.346885	0.479123	-6.617376
347.034515	0.082066	0.333358	0.343311	90.649093	5.901759	0.081213	8.984501	8.984501	8.984501	0.178838	0.521971	2.830000	1.348832	0.479518	-6.303605
352.033384	0.084378	0.337716	0.348097	90.643466	5.897133	0.078904	8.666075	8.666075	8.666075	0.175078	0.520581	2.830000	1.350682	0.479894	-5.991485
357.104260	0.086754	0.342117	0.352945	90.637711	5.892740	0.076660	8.349821	8.349821	8.349821	0.171431	0.519216	2.830000	1.352438	0.480252	-5.680943
362.248179	0.089194	0.346562	0.357856	90.631824	5.888574	0.074480	8.035661	8.035661	8.035661	0.167895	0.517876	2.830000	1.354101	0.480592	-5.371908
367.466194	0.091700	0.351050	0.362830	90.625801	5.884631	0.072362	7.723517	7.723517	7.723517	0.164466	0.516558	2.830000	1.355673	0.480914	-5.064309
372.759372	0.094275	0.355582	0.367867	90.619638	5.880906	0.070304	7.413313	7.413313	7.413313	0.161140	0.515263	2.830000	1.357155	0.481218	-4.758078
378.128796	0.096919	0.360157	0.372970	90.613330	5.877393	0.068304	7.104972	7.104972	7.104972	0.157914	0.513987	2.830000	1.358548	0.481506	-4.453146
383.575563	0.099635	0.364774	0.378137	90.606875	5.874090	0.066361	6.798420	6.798420	6.798420	0.154784	0.512731	2.830000	1.359854	0.481777	-4.149444
389.100789	0.102424	0.369434	0.383369	90.600265	5.870991	0.064472	6.493583	6.493583	6.493583	0.151749	0.511492	2.830000	1.361074	0.482031	-3.846905
394.705603	0.105288	0.374135	0.388668	90.593498	5.868093	0.062638	6.190388	6.190388	6.190388	0.148804	0.510270	2.830000	1.362209	0.482269	-3.545462
400.391152	0.108228	0.378878	0.394033	90.586568	5.865392	0.060855	5.888763	5.888763	5.888763	0.145946	0.509064	2.830000	1.363261	0.482491	-3.245051
406.158599	0.111248	0.383662	0.399466	90.579470	5.862886	0.059123	5.588636	5.588636	5.588636	0.143174	0.507872	2.830000	1.364229	0.482697	-2.945605
412.009123	0.114348	0.388487	0.404966	90.572199	5.860570	0.057440	5.289938	5.289938	5.289938	0.140484	0.506693	2.830000	1.365115	0.482888	-2.647061
417.943921	0.117530	0.393351	0.410535	90.564750	5.858443	0.055804	4.992598	4.992598	4.992598	0.137874	0.505526	2.830000	1.365921	0.483064	-2.349355
423.964207	0.120798	0.398255	0.416172	90.557116	5.856500	0.054215	4.696548	4.696548	4.696548	0.135341	0.504371	2.830000	1.366646	0.483224	-2.052423
430.071212	0.124151	0.403197	0.421878	90.549292	5.854741	0.052671	4.401720	4.401720	4.401720	0.132883	0.503225	2.830000	1.367292	0.483369	-1.756204
436.266186	0.127594	0.408177	0.427655	90.541272	5.853162	0.051171	4.108045	4.108045	4.108045	0.130497	0.502089	2.830000	1.367859	0.483499	-1.460635
442.550395	0.131127	0.413194	0.433501	90.533050	5.851762	0.049713	3.815458	3.815458	3.815458	0.128182	0.500960	2.830000	1.368347	0.483615	-1.165656
448.925126	0.134753	0.418247	0.439418	90.524620	5.850538	0.048296	3.523892	3.523892	3.523892	0.125934	0.499838	2.830000	1.368759	0.483716	-0.871205
455.391681	0.138474	0.423335	0.445407	90.515975	5.849488	0.046919	3.233281	3.233281	3.233281	0.123752	0.498723	2.830000	1.369093	0.483803	-0.577223
461.951385	0.142291	0.428457	0.451466	90.507109	5.848612	0.045582	2.943561	2.943561	2.943561	0.121634	0.497612	2.830000	1.369351	0.483875	-0.283650
468.605578	0.146209	0.433612	0.457598	90.498015	5.847908	0.044282	2.654667	2.654667	2.654667	0.119577	0.496505	2.830000	1.369532	0.483934	0.009571
475.355621	0.150227	0.438799	0.463802	90.488685	5.847374	0.043019	2.366536	2.366536	2.366536	0.117581	0.495401	2.830000	1.369638	0.483978	0.302501
482.202895	0.154350	0.444016	0.470079	90.479112	5.847010	0.041792	2.079103	2.079103	2.079103	0.115642	0.494299	2.830000	1.369669	0.484008	0.595196
489.148802	0.158578	0.449263	0.476429	90.469290	5.846814	0.040600	1.792308	1.792308	1.792308	0.113760	0.493199	2.830000	1.369624	0.484024	0.887714
496.194760	0.162915	0.454538	0.482852	90.459209	5.846786	0.039441	1.506086	1.506086	1.506086	0.111932	0.492098	2.830000	1.369505	0.484027	1.180111
503.342213	0.167363	0.459839	0.489349	90.448862	5.846926	0.038315	1.220377	1.220377	1.220377	0.110156	0.490997	2.830000	1.369310	0.484015	1.472443
510.592621	0.171924	0.465165	0.495920	90.438242	5.847232	0.037221	0.935119	0.935119	0.935119	0.108432	0.489894	2.830000	1.369041	0.483990	1.764766
517.947468	0.176600	0.470514	0.502565	90.427339	5.847705	0.036158	0.650252	0.650252	0.650252	0.106757	0.488788	2.830000	1.368697	0.483951	2.057136
525.408258	0.181394	0.475885	0.509284	90.416146	5.848344	0.035125	0.365714	0.365714	0.365714	0.105131	0.487679	2.830000	1.368279	0.483898	2.349606
532.976517	0.186309	0.481274	0.516078	90.404652	5.849150	0.034122	0.081446	0.081446	0.081446	0.103550	0.486566	2.830000	1.367786	0.483831	2.642231
540.653794	0.191346	0.486682	0.522946	90.392850	5.850123	0.033146	-0.202612	-0.202612	-0.202612	0.102015	0.485447	2.830000	1.367218	0.483751	2.935064
548.441658	0.196509	0.492104	0.529889	90.380729	5.851262	0.032199	-0.486519	-0.486519	-0.486519	0.100524	0.484321	2.830000	1.366576	0.483656	3.228159
556.341702	0.201799	0.497540	0.536907	90.368280	5.852569	0.031278	-0.770333	-0.770333	-0.770333	0.099074	0.483189	2.830000	1.365858	0.483548	3.521568
564.355543	0.207219	0.502986	0.543999	90.355493	5.854044	0.030383	-1.054115	-1.054115	-1.054115	0.097666	0.482048	2.830000	1.365065	0.483426	3.815342
572.484820	0.212772	0.508441	0.551167	90.342359	5.855689	0.029513	-1.337921	-1.337921	-1.337921	0.096297	0.480898	2.830000	1.364196	0.483291	4.109535
580.731195	0.218461	0.513902	0.558409	90.328865	5.857502	0.028668	-1.621810	-1.621810	-1.621810	0.094967	0.479739	2.830000	1.363252	0.483141	4.404196
589.096355	0.224286	0.519366	0.565725	90.315003	5.859487	0.027847	-1.905840	-1.905840	-1.905840	0.093674	0.478568	2.830000	1.362231	0.482977	4.699376
597.582011	0.230252	0.524830	0.573116	90.300760	5.861644	0.027050	-2.190067	-2.190067	-2.190067	0.092418	0.477386	2.830000	1.361134	0.482800	4.995126
606.189899	0.236361	0.530291	0.580582	90.286125	5.863974	0.026274	-2.474548	-2.474548	-2.474548	0.091196	0.476191	2.830000	1.359960	0.482608	5.291494
614.921780	0.242614	0.535747	0.588121	90.271087	5.866479	0.025521	-2.759341	-2.759341	-2.759341	0.090008	0.474982	2.830000	1.358708	0.482402	5.588530
623.779440	0.249015	0.541193	0.595734	90.255633	5.869161	0.024789	-3.044503	-3.044503	-3.044503	0.088854	0.473758	2.830000	1.357378	0.482181	5.886283
632.764690	0.255566	0.546627	0.603420	90.239752	5.872020	0.024078	-3.330088	-3.330088	-3.330088	0.087731	0.472519	2.830000	1.355970	0.481947	6.184801
641.879368	0.262269	0.552045	0.611178	90.223430	5.875060	0.023387	-3.616153	-3.616153	-3.616153	0.086639	0.471264	2.830000	1.354483	0.481697	6.484130
651.125339	0.269127	0.557443	0.619009	90.206655	5.878282	0.022715	-3.902755	-3.902755	-3.902755	0.085577	0.469990	2.830000	1.352916	0.481433	6.784318
660.504493	0.276142	0.562818	0.626912	90.189412	5.881688	0.022062	-4.189947	-4.189947	-4.189947	0.084544	0.468699	2.830000	1.351268	0.481154	7.085411
670.018750	0.283316	0.568165	0.634885	90.171689	5.885281	0.021428	-4.477787	-4.477787	-4.477787	0.083538	0.467388	2.830000	1.349540	0.480861	7.387456
679.670056	0.290651	0.573480	0.642929	90.153471	5.889063	0.020812	-4.766329	-4.766329	-4.766329	0.082561	0.466057	2.830000	1.347729	0.480552	7.690496
689.460384	0.298151	0.578759	0.651042	90.134743	5.893036	0.020213	-5.055627	-5.055627	-5.055627	0.081609	0.464704	2.830000	1.345837	0.480228	7.994578
699.391737	0.305815	0.583997	0.659223	90.115491	5.897204	0.019631	-5.345737	-5.345737	-5.345737	0.080683	0.463329	2.830000	1.343860	0.479888	8.299745
709.466146	0.313648	0.589189	0.667472	90.095698	5.901569	0.019066	-5.636712	-5.636712	-5.636712	0.079782	0.461930	2.830000	1.341800	0.479533	8.606040
719.685673	0.321651	0.594331	0.675788	90.075351	5.906135	0.018516	-5.928608	-5.928608	-5.928608	0.078905	0.460507	2.830000	1.339654	0.479163	8.913507
730.052407	0.329825	0.599418	0.684168	90.054431	5.910904	0.017982	-6.221479	-6.221479	-6.221479	0.078051	0.459059	2.830000	1.337423	0.478776	9.222187
740.568469	0.338172	0.604443	0.692613	90.032922	5.915880	0.017464	-6.515377	-6.515377	-6.515377	0.077219	0.457584	2.830000	1.335105	0.478373	9.532123
751.236010	0.346694	0.609403	0.701120	90.010807	5.921066	0.016960	-6.810358	-6.810358	-6.810358	0.076409	0.456082	2.830000	1.332699	0.477954	9.843354
762.057212	0.355393	0.614290	0.709688	89.988069	5.926466	0.016470	-7.106474	-7.106474	-7.106474	0.075621	0.454551	2.830000	1.330205	0.477519	10.155923
773.034288	0.364270	0.619099	0.718315	89.964689	5.932084	0.015994	-7.403780	-7.403780	-7.403780	0.074852	0.452991	2.830000	1.327621	0.477067	10.469867
784.169484	0.373326	0.623825	0.727001	89.940649	5.937923	0.015531	-7.702327	-7.702327	-7.702327	0.074104	0.451400	2.830000	1.324946	0.476598	10.785225
795.465078	0.382563	0.628460	0.735742	89.915929	5.943988	0.015082	-8.002170	-8.002170	-8.002170	0.073374	0.449777	2.830000	1.322180	0.476111	11.102037
806.923378	0.391980	0.632998	0.744537	89.890509	5.950283	0.014645	-8.303361	-8.303361	-8.303361	0.072663	0.448121	2.830000	1.319321	0.475608	11.420339
818.546731	0.401580	0.637433	0.753384	89.864370	5.956812	0.014220	-8.605952	-8.605952	-8.605952	0.071970	0.446431	2.830000	1.316368	0.475086	11.740167
830.337512	0.411362	0.641758	0.762281	89.837491	5.963581	0.013808	-8.909997	-8.909997	-8.909997	0.071294	0.444706	2.830000	1.313321	0.474547	12.061558
842.298134	0.421328	0.645965	0.771225	89.809850	5.970592	0.013407	-9.215547	-9.215547	-9.215547	0.070635	0.442944	2.830000	1.310177	0.473990	12.384546
854.431043	0.431476	0.650047	0.780213	89.781425	5.977852	0.013018	-9.522655	-9.522655	-9.522655	0.069992	0.441146	2.830000	1.306937	0.473414	12.709166
866.738721	0.441808	0.653997	0.789244	89.752194	5.985366	0.012639	-9.831372	-9.831372	-9.831372	0.069364	0.439309	2.830000	1.303599	0.472820	13.035450
879.223685	0.452322	0.657807	0.798314	89.722133	5.993138	0.012272	-10.141750	-10.141750	-10.141750	0.068752	0.437432	2.830000	1.300162	0.472207	13.363430
891.888489	0.463018	0.661469	0.807420	89.691218	6.001174	0.011914	-10.453840	-10.453840	-10.453840	0.068154	0.435514	2.830000	1.296624	0.471574	13.693139
904.735724	0.473896	0.664975	0.816559	89.659425	6.009479	0.011567	-10.767695	-10.767695	-10.767695	0.067570	0.433554	2.830000	1.292985	0.470923	14.024607
917.768017	0.484954	0.668317	0.825729	89.626729	6.018060	0.011230	-11.083363	-11.083363	-11.083363	0.067000	0.431551	2.830000	1.289244	0.470251	14.357862
930.988035	0.496191	0.671486	0.834924	89.593104	6.026921	0.010902	-11.400897	-11.400897	-11.400897	0.066443	0.429503	2.830000	1.285399	0.469560	14.692933
944.398480	0.507604	0.674473	0.844142	89.558523	6.036070	0.010584	-11.720347	-11.720347	-11.720347	0.065899	0.427410	2.830000	1.281450	0.468848	15.029848
958.002097	0.519192	0.677270	0.853379	89.522959	6.045512	0.010274	-12.041762	-12.041762	-12.041762	0.065367	0.425270	2.830000	1.277395	0.468116	15.368633
971.801667	0.530952	0.679868	0.862630	89.486384	6.055253	0.009973	-12.365194	-12.365194	-12.365194	0.064846	0.423082	2.830000	1.273233	0.467363	15.709313
985.800014	0.542882	0.682258	0.871892	89.448768	6.065301	0.009681	-12.690690	-12.690690	-12.690690	0.064337	0.420845	2.830000	1.268963	0.466589	16.051911
1000.000000	0.554977	0.684429	0.881160	89.410082	6.075662	0.009397	-13.018301	-13.018301	-13.018301	0.063839	0.418557	2.830000	1.264585	0.465793	16.396451
1014.404530	0.567234	0.686374	0.890429	89.370296	6.086342	0.009121	-13.348075	-13.348075	-13.348075	0.063351	0.416217	2.830000	1.260096	0.464975	16.742955
1029.016551	0.579649	0.688082	0.899694	89.329379	6.097350	0.008853	-13.680060	-13.680060	-13.680060	0.062874	0.413825	2.830000	1.255497	0.464136	17.091442
1043.839051	0.592217	0.689543	0.908950	89.287298	6.108692	0.008592	-14.014305	-14.014305	-14.014305	0.062406	0.411378	2.830000	1.250785	0.463274	17.441932
1058.875063	0.604933	0.690748	0.918192	89.244020	6.120376	0.008339	-14.350857	-14.350857	-14.350857	0.061947	0.408876	2.830000	1.245961	0.462390	17.794443
1074.127661	0.617791	0.691687	0.927414	89.199511	6.132409	0.008093	-14.689764	-14.689764	-14.689764	0.061497	0.406318	2.830000	1.241022	0.461483	18.148991
1089.599965	0.630785	0.692351	0.936611	89.153737	6.144799	0.007854	-15.031071	-15.031071	-15.031071	0.061056	0.403702	2.830000	1.235969	0.460552	18.505591
1105.295141	0.643908	0.692729	0.945775	89.106662	6.157555	0.007622	-15.374824	-15.374824	-15.374824	0.060623	0.401026	2.830000	1.230800	0.459598	18.864257
1121.216399	0.657153	0.692811	0.954901	89.058248	6.170685	0.007396	-15.721070	-15.721070	-15.721070	0.060198	0.398291	2.830000	1.225515	0.458620	19.225001
1137.366994	0.670512	0.692587	0.963983	89.008460	6.184196	0.007177	-16.069852	-16.069852	-16.069852	0.059780	0.395495	2.830000	1.220112	0.457618	19.587833
1153.750232	0.683975	0.692049	0.973013	88.957257	6.198099	0.006964	-16.421215	-16.421215	-16.421215	0.059369	0.392636	2.830000	1.214592	0.456592	19.952764
1170.369462	0.697535	0.691185	0.981984	88.904600	6.212401	0.006757	-16.775203	-16.775203	-16.775203	0.058965	0.389713	2.830000	1.208953	0.455540	20.319801
1187.228084	0.711180	0.689987	0.990888	88.850449	6.227112	0.006556	-17.131856	-17.131856	-17.131856	0.058568	0.386726	2.830000	1.203194	0.454464	20.688949
1204.329547	0.724901	0.688445	0.999719	88.794761	6.242241	0.006360	-17.491218	-17.491218	-17.491218	0.058176	0.383674	2.830000	1.197315	0.453363	21.060214
1221.677349	0.738686	0.686549	1.008468	88.737495	6.257798	0.006170	-17.853328	-17.853328	-17.853328	0.057790	0.380554	2.830000	1.191317	0.452236	21.433597
1239.275037	0.752523	0.684291	1.017126	88.678605	6.273792	0.005986	-18.218227	-18.218227	-18.218227	0.057410	0.377367	2.830000	1.185197	0.451083	21.809101
1257.126212	0.766400	0.681662	1.025686	88.618049	6.290233	0.005807	-18.585953	-18.585953	-18.585953	0.057034	0.374112	2.830000	1.178956	0.449904	22.186725
1275.234525	0.780302	0.678653	1.034139	88.555778	6.307131	0.005632	-18.956542	-18.956542	-18.956542	0.056663	0.370787	2.830000	1.172593	0.448698	22.566466
1293.603680	0.794217	0.675257	1.042474	88.491746	6.324497	0.005463	-19.330033	-19.330033	-19.330033	0.056297	0.367392	2.830000	1.166109	0.447466	22.948320
1312.237433	0.808128	0.671465	1.050684	88.425905	6.342342	0.005299	-19.706458	-19.706458	-19.706458	0.055934	0.363926	2.830000	1.159502	0.446207	23.332282
1331.139597	0.822020	0.667271	1.058757	88.358206	6.360675	0.005139	-20.085852	-20.085852	-20.085852	0.055575	0.360388	2.830000	1.152774	0.444921	23.718343
1350.314038	0.835877	0.662667	1.066686	88.288597	6.379508	0.004984	-20.468246	-20.468246	-20.468246	0.055220	0.356778	2.830000	1.145923	0.443608	24.106494
1369.764677	0.849682	0.657648	1.074458	88.217027	6.398853	0.004833	-20.853670	-20.853670	-20.853670	0.054868	0.353095	2.830000	1.138951	0.442267	24.496723
1389.495494	0.863415	0.652208	1.082064	88.143443	6.418720	0.004686	-21.242153	-21.242153	-21.242153	0.054518	0.349339	2.830000	1.131857	0.440898	24.889017
1409.510524	0.877060	0.646343	1.089492	88.067792	6.439121	0.004544	-21.633721	-21.633721	-21.633721	0.054171	0.345509	2.830000	1.124641	0.439501	25.283360
1429.813862	0.890596	0.640048	1.096732	87.990018	6.460069	0.004406	-22.028398	-22.028398	-22.028398	0.053825	0.341605	2.830000	1.117304	0.438076	25.679735
1450.409659	0.904003	0.633320	1.103773	87.910064	6.481576	0.004271	-22.426206	-22.426206	-22.426206	0.053482	0.337627	2.830000	1.109847	0.436622	26.078122
1471.302129	0.917260	0.626158	1.110603	87.827874	6.503653	0.004141	-22.827166	-22.827166	-22.827166	0.053139	0.333575	2.830000	1.102270	0.435140	26.478500
1492.495545	0.930345	0.618560	1.117210	87.743389	6.526313	0.004014	-23.231293	-23.231293	-23.231293	0.052798	0.329449	2.830000	1.094573	0.433629	26.880846
1513.994242	0.943237	0.610525	1.123582	87.656549	6.549570	0.003891	-23.638602	-23.638602	-23.638602	0.052457	0.325249	2.830000	1.086758	0.432089	27.285134
1535.802619	0.955912	0.602055	1.129707	87.567294	6.573436	0.003771	-24.049106	-24.049106	-24.049106	0.052117	0.320976	2.830000	1.078826	0.430521	27.691336
1557.925134	0.968347	0.593153	1.135573	87.475562	6.597924	0.003655	-24.462813	-24.462813	-24.462813	0.051777	0.316630	2.830000	1.070777	0.428923	28.099422
1580.366314	0.980518	0.583821	1.141167	87.381291	6.623048	0.003542	-24.879727	-24.879727	-24.879727	0.051436	0.312211	2.830000	1.062613	0.427296	28.509361
1603.130749	0.992401	0.574064	1.146477	87.284418	6.648822	0.003432	-25.299850	-25.299850	-25.299850	0.051094	0.307722	2.830000	1.054334	0.425639	28.921119
1626.223094	1.003970	0.563890	1.151489	87.184879	6.675260	0.003325	-25.723181	-25.723181	-25.723181	0.050751	0.303162	2.830000	1.045943	0.423954	29.334659
1649.648074	1.015202	0.553304	1.156192	87.082608	6.702376	0.003222	-26.149714	-26.149714	-26.149714	0.050407	0.298533	2.830000	1.037441	0.422238	29.749944
1673.410480	1.026069	0.542319	1.160572	86.977541	6.730184	0.003121	-26.579438	-26.579438	-26.579438	0.050061	0.293836	2.830000	1.028830	0.420494	30.166933
1697.515172	1.036548	0.530943	1.164617	86.869612	6.758699	0.003023	-27.012339	-27.012339	-27.012339	0.049713	0.289073	2.830000	1.020111	0.418720	30.585584
1721.967081	1.046612	0.519190	1.168313	86.758754	6.787936	0.002928	-27.448398	-27.448398	-27.448398	0.049362	0.284247	2.830000	1.011286	0.416916	31.005853
1746.771208	1.056236	0.507076	1.171648	86.644902	6.817910	0.002836	-27.887592	-27.887592	-27.887592	0.049008	0.279358	2.830000	1.002358	0.415083	31.427692
1771.932627	1.065394	0.494616	1.174610	86.527989	6.848636	0.002747	-28.329890	-28.329890	-28.329890	0.048650	0.274410	2.830000	0.993328	0.413221	31.851053
1797.456484	1.074062	0.481829	1.177186	86.407949	6.880130	0.002660	-28.775258	-28.775258	-28.775258	0.048289	0.269405	2.830000	0.984199	0.411329	32.275886
1823.348001	1.082214	0.468735	1.179364	86.284717	6.912408	0.002575	-29.223656	-29.223656	-29.223656	0.047924	0.264346	2.830000	0.974973	0.409409	32.702137
1849.612473	1.089828	0.455358	1.181133	86.158227	6.945486	0.002493	-29.675038	-29.675038	-29.675038	0.047554	0.259236	2.830000	0.965654	0.407459	33.129753
1876.255272	1.096879	0.441721	1.182481	86.028416	6.979380	0.002414	-30.129352	-30.129352	-30.129352	0.047179	0.254079	2.830000	0.956242	0.405480	33.558675
1903.281848	1.103346	0.427851	1.183398	85.895221	7.014106	0.002336	-30.586538	-30.586538	-30.586538	0.046799	0.248877	2.830000	0.946742	0.403473	33.988846
1930.697729	1.109208	0.413778	1.183872	85.758580	7.049681	0.002261	-31.046532	-31.046532	-31.046532	0.046414	0.243635	2.830000	0.937157	0.401437	34.420205
1958.508523	1.114443	0.399532	1.183896	85.618436	7.086123	0.002188	-31.509261	-31.509261	-31.509261	0.046022	0.238358	2.830000	0.927488	0.399372	34.852688
1986.719919	1.119035	0.385146	1.183460	85.474732	7.123447	0.002117	-31.974644	-31.974644	-31.974644	0.045624	0.233049	2.830000	0.917741	0.397280	35.286233
2015.337686	1.122966	0.370655	1.182556	85.327413	7.161672	0.002049	-32.442596	-32.442596	-32.442596	0.045219	0.227714	2.830000	0.907917	0.395159	35.720772
2044.367679	1.126222	0.356096	1.181178	85.176431	7.200815	0.001982	-32.913020	-32.913020	-32.913020	0.044807	0.222357	2.830000	0.898020	0.393011	36.156238
2073.815835	1.128790	0.341508	1.179319	85.021739	7.240894	0.001917	-33.385816	-33.385816	-33.385816	0.044388	0.216985	2.830000	0.888054	0.390836	36.592562
2103.688178	1.130659	0.326931	1.176977	84.863296	7.281927	0.001854	-33.860873	-33.860873	-33.860873	0.043961	0.211601	2.830000	0.878022	0.388633	37.029671
2133.990819	1.131822	0.312410	1.174147	84.701066	7.323931	0.001793	-34.338071	-34.338071	-34.338071	0.043526	0.206213	2.830000	0.867929	0.386405	37.467494
2164.729954	1.132273	0.297987	1.170828	84.535020	7.366925	0.001734	-34.817286	-34.817286	-34.817286	0.043083	0.200827	2.830000	0.857778	0.384149	37.905956
2195.911873	1.132011	0.283708	1.167022	84.365136	7.410928	0.001676	-35.298381	-35.298381	-35.298381	0.042631	0.195448	2.830000	0.847572	0.381868	38.344981
2227.542952	1.131037	0.269621	1.162730	84.191398	7.455959	0.001620	-35.781214	-35.781214	-35.781214	0.042171	0.190084	2.830000	0.837317	0.379562	38.784494
2259.629662	1.129356	0.255773	1.157957	84.013802	7.502035	0.001566	-36.265634	-36.265634	-36.265634	0.041702	0.184740	2.830000	0.827015	0.377231	39.224415
2292.178566	1.126976	0.242212	1.152710	83.832351	7.549177	0.001514	-36.751481	-36.751481	-36.751481	0.041224	0.179425	2.830000	0.816672	0.374875	39.664665
2325.196322	1.123909	0.228989	1.146999	83.647060	7.597403	0.001463	-37.238588	-37.238588	-37.238588	0.040736	0.174144	2.830000	0.806291	0.372496	40.105164
2358.689683	1.120171	0.216153	1.140836	83.457959	7.646733	0.001413	-37.726781	-37.726781	-37.726781	0.040240	0.168906	2.830000	0.795876	0.370093	40.545831
2392.665500	1.115783	0.203754	1.134235	83.265086	7.697187	0.001365	-38.215877	-38.215877	-38.215877	0.039734	0.163717	2.830000	0.785433	0.367667	40.986584
2427.130723	1.110771	0.191840	1.127215	83.068499	7.748783	0.001319	-38.705686	-38.705686	-38.705686	0.039219	0.158585	2.830000	0.774965	0.365219	41.427339
2462.092401	1.105162	0.180460	1.119798	82.868269	7.801542	0.001274	-39.196013	-39.196013	-39.196013	0.038695	0.153517	2.830000	0.764477	0.362749	41.868014
2497.557686	1.098991	0.169661	1.112010	82.664484	7.855485	0.001230	-39.686654	-39.686654	-39.686654	0.038162	0.148521	2.830000	0.753974	0.360258	42.308525
2533.533832	1.092296	0.159489	1.103878	82.457253	7.910631	0.001187	-40.177402	-40.177402	-40.177402	0.037620	0.143603	2.830000	0.743459	0.357746	42.748787
2570.028197	1.085121	0.149986	1.095438	82.246703	7.967000	0.001146	-40.668043	-40.668043	-40.668043	0.037070	0.138771	2.830000	0.732938	0.355215	43.188715
2607.048246	1.077514	0.141193	1.086725	82.032984	8.024613	0.001106	-41.158361	-41.158361	-41.158361	0.036511	0.134031	2.830000	0.722415	0.352665	43.628225
2644.601552	1.069525	0.133148	1.077781	81.816266	8.083490	0.001068	-41.648134	-41.648134	-41.648134	0.035945	0.129391	2.830000	0.711894	0.350096	44.067232
2682.695795	1.061213	0.125885	1.068654	81.596745	8.143653	0.001030	-42.137138	-42.137138	-42.137138	0.035371	0.124858	2.830000	0.701380	0.347510	44.505652
2721.338768	1.052638	0.119433	1.059392	81.374639	8.205122	0.000994	-42.625150	-42.625150	-42.625150	0.034789	0.120436	2.830000	0.690878	0.344907	44.943399
2760.538375	1.043864	0.113817	1.050051	81.150193	8.267918	0.000959	-43.111944	-43.111944	-43.111944	0.034202	0.116133	2.830000	0.680392	0.342287	45.380390
2800.302634	1.034961	0.109057	1.040691	80.923675	8.332062	0.000925	-43.597294	-43.597294	-43.597294	0.033608	0.111953	2.830000	0.669926	0.339652	45.816541
2840.639679	1.025999	0.105166	1.031375	80.695378	8.397576	0.000892	-44.080978	-44.080978	-44.080978	0.033009	0.107901	2.830000	0.659486	0.337002	46.251769
2881.557759	1.017053	0.102152	1.022170	80.465621	8.464480	0.000860	-44.562776	-44.562776	-44.562776	0.032406	0.103983	2.830000	0.649074	0.334338	46.685991
2923.065245	1.008200	0.100015	1.013149	80.234743	8.532798	0.000829	-45.042472	-45.042472	-45.042472	0.031799	0.100202	2.830000	0.638696	0.331661	47.119127
2965.170628	0.999518	0.098748	1.004384	80.003106	8.602549	0.000800	-45.519857	-45.519857	-45.519857	0.031190	0.096560	2.830000	0.628356	0.328972	47.551095
3007.882518	0.991086	0.098338	0.995952	79.771088	8.673756	0.000771	-45.994728	-45.994728	-45.994728	0.030578	0.093062	2.830000	0.618059	0.326272	47.981816
3051.209653	0.982983	0.098761	0.987932	79.539083	8.746441	0.000743	-46.466891	-46.466891	-46.466891	0.029966	0.089709	2.830000	0.607807	0.323560	48.411211
3095.160895	0.975288	0.099987	0.980400	79.307496	8.820627	0.000716	-46.936162	-46.936162	-46.936162	0.029353	0.086503	2.830000	0.597605	0.320839	48.839204
3139.745234	0.968077	0.101976	0.973434	79.076734	8.896334	0.000690	-47.402369	-47.402369	-47.402369	0.028742	0.083443	2.830000	0.587458	0.318109	49.265718
3184.971790	0.961426	0.104680	0.967108	78.847205	8.973586	0.000664	-47.865351	-47.865351	-47.865351	0.028132	0.080531	2.830000	0.577369	0.315370	49.690680
3230.849813	0.955405	0.108043	0.961495	78.619309	9.052406	0.000640	-48.324962	-48.324962	-48.324962	0.027526	0.077764	2.830000	0.567341	0.312624	50.114016
3277.388687	0.950080	0.111999	0.956659	78.393429	9.132815	0.000616	-48.781073	-48.781073	-48.781073	0.026924	0.075143	2.830000	0.557379	0.309872	50.535656
3324.597932	0.945511	0.116474	0.952658	78.169924	9.214838	0.000594	-49.233569	-49.233569	-49.233569	0.026328	0.072663	2.830000	0.547486	0.307113	50.955530
3372.487204	0.941752	0.121388	0.949543	77.949121	9.298496	0.000572	-49.682354	-49.682354	-49.682354	0.025738	0.070323	2.830000	0.537665	0.304350	51.373570
3421.066299	0.938846	0.126652	0.947351	77.731307	9.383814	0.000550	-50.127350	-50.127350	-50.127350	0.025155	0.068117	2.830000	0.527920	0.301583	51.789710
3470.345152	0.936832	0.132171	0.946109	77.516717	9.470816	0.000530	-50.568498	-50.568498	-50.568498	0.024581	0.066043	2.830000	0.518253	0.298813	52.203886
3520.333844	0.935733	0.137843	0.945832	77.305532	9.559523	0.000510	-51.005758	-51.005758	-51.005758	0.024017	0.064093	2.830000	0.508669	0.296040	52.616036
3571.042600	0.935565	0.143563	0.946516	77.097867	9.649962	0.000491	-51.439113	-51.439113	-51.439113	0.023463	0.062263	2.830000	0.499169	0.293265	53.026100
3622.481792	0.936330	0.149222	0.948146	76.893767	9.742156	0.000473	-51.868562	-51.868562	-51.868562	0.022921	0.060547	2.830000	0.489757	0.290490	53.434020
3674.661941	0.938017	0.154710	0.950690	76.693206	9.836129	0.000455	-52.294128	-52.294128	-52.294128	0.022392	0.058936	2.830000	0.480435	0.287715	53.839738
3727.593720	0.940601	0.159914	0.954098	76.496078	9.931906	0.000438	-52.715851	-52.715851	-52.715851	0.021875	0.057424	2.830000	0.471205	0.284940	54.243200
3781.287957	0.944044	0.164725	0.958308	76.302203	10.029513	0.000421	-53.133793	-53.133793	-53.133793	0.021372	0.056002	2.830000	0.462071	0.282167	54.644355
3835.755635	0.948293	0.169037	0.963241	76.111324	10.128974	0.000405	-53.548030	-53.548030	-53.548030	0.020883	0.054663	2.830000	0.453034	0.279397	55.043151
3891.007893	0.953281	0.172747	0.968807	75.923110	10.230315	0.000390	-53.958657	-53.958657	-53.958657	0.020409	0.053398	2.830000	0.444097	0.276629	55.439540
3947.056035	0.958927	0.175761	0.974901	75.737167	10.333563	0.000375	-54.365786	-54.365786	-54.365786	0.019950	0.052199	2.830000	0.435261	0.273865	55.833475
4003.911523	0.965135	0.177994	0.981411	75.553037	10.438743	0.000361	-54.769539	-54.769539	-54.769539	0.019506	0.051056	2.830000	0.426529	0.271105	56.224911
4061.585988	0.971799	0.179373	0.988214	75.370212	10.545881	0.000347	-55.170049	-55.170049	-55.170049	0.019077	0.049962	2.830000	0.417901	0.268351	56.613806
4120.091227	0.978799	0.179838	0.995183	75.188140	10.655006	0.000334	-55.567461	-55.567461	-55.567461	0.018664	0.048908	2.830000	0.409380	0.265603	57.000118
4179.439206	0.986008	0.179344	1.002186	75.006237	10.766144	0.000321	-55.961921	-55.961921	-55.961921	0.018265	0.047886	2.830000	0.400967	0.262861	57.383808
4239.642065	0.993289	0.177865	1.009088	74.823897	10.879322	0.000309	-56.353579	-56.353579	-56.353579	0.017881	0.046888	2.830000	0.392663	0.260126	57.764838
4300.712118	1.000499	0.175391	1.015757	74.640506	10.994570	0.000297	-56.742586	-56.742586	-56.742586	0.017510	0.045907	2.830000	0.384470	0.257400	58.143173
4362.661857	1.007496	0.171936	1.022062	74.455449	11.111914	0.000286	-57.129086	-57.129086	-57.129086	0.017153	0.044937	2.830000	0.376389	0.254682	58.518779
4425.503952	1.014133	0.167533	1.027878	74.268126	11.231384	0.000275	-57.513215	-57.513215	-57.513215	0.016809	0.043971	2.830000	0.368420	0.251972	58.891622
4489.251258	1.020270	0.162237	1.033089	74.077961	11.353010	0.000264	-57.895100	-57.895100	-57.895100	0.016475	0.043004	2.830000	0.360565	0.249273	59.261671
4553.916814	1.025773	0.156125	1.037586	73.884416	11.476820	0.000254	-58.274850	-58.274850	-58.274850	0.016152	0.042032	2.830000	0.352823	0.246584	59.628898
4619.513847	1.030516	0.149295	1.041274	73.686998	11.602844	0.000244	-58.652556	-58.652556	-58.652556	0.015839	0.041051	2.830000	0.345197	0.243906	59.993274
4686.055775	1.034390	0.141866	1.044073	73.485273	11.731114	0.000235	-59.028286	-59.028286	-59.028286	0.015533	0.040060	2.830000	0.337685	0.241239	60.354773
4753.556208	1.037303	0.133975	1.045919	73.278877	11.861659	0.000226	-59.402086	-59.402086	-59.402086	0.015234	0.039056	2.830000	0.330290	0.238584	60.713369
4822.028953	1.039182	0.125776	1.046766	73.067526	11.994510	0.000217	-59.773972	-59.773972	-59.773972	0.014941	0.038039	2.830000	0.323010	0.235941	61.069038
4891.488015	1.039980	0.117434	1.046589	72.851023	12.129700	0.000209	-60.143931	-60.143931	-60.143931	0.014651	0.037010	2.830000	0.315847	0.233312	61.421758
4961.947603	1.039676	0.109126	1.045388	72.629273	12.267259	0.000200	-60.511921	-60.511921	-60.511921	0.014365	0.035970	2.830000	0.308799	0.230695	61.771509
5033.422128	1.038279	0.101032	1.043183	72.402286	12.407221	0.000193	-60.877869	-60.877869	-60.877869	0.014080	0.034923	2.830000	0.301868	0.228093	62.118270
5105.926210	1.035828	0.093333	1.040024	72.170191	12.549617	0.000185	-61.241671	-61.241671	-61.241671	0.013796	0.033870	2.830000	0.295053	0.225505	62.462022
5179.474679	1.032393	0.086203	1.035985	71.933236	12.694481	0.000178	-61.603193	-61.603193	-61.603193	0.013512	0.032816	2.830000	0.288354	0.222932	62.802749
5254.082580	1.028075	0.079809	1.031168	71.691794	12.841847	0.000171	-61.962277	-61.962277	-61.962277	0.013227	0.031767	2.830000	0.281771	0.220373	63.140435
5329.765172	1.023005	0.074296	1.025699	71.446366	12.991747	0.000164	-62.318741	-62.318741	-62.318741	0.012940	0.030727	2.830000	0.275303	0.217831	63.475066
5406.537936	1.017342	0.069792	1.019733	71.197577	13.144216	0.000158	-62.672384	-62.672384	-62.672384	0.012651	0.029702	2.830000	0.268951	0.215304	63.806628
5484.416576	1.011268	0.066392	1.013445	70.946167	13.299289	0.000151	-63.022991	-63.022991	-63.022991	0.012360	0.028697	2.830000	0.262712	0.212793	64.135109
5563.417021	1.004985	0.064162	1.007031	70.692978	13.457001	0.000145	-63.370341	-63.370341	-63.370341	0.012067	0.027718	2.830000	0.256588	0.210299	64.460501
5643.555431	0.998705	0.063129	1.000699	70.438935	13.617386	0.000140	-63.714213	-63.714213	-63.714213	0.011772	0.026770	2.830000	0.250577	0.207823	64.782793
5724.848197	0.992651	0.063279	0.994665	70.185020	13.780480	0.000134	-64.054391	-64.054391	-64.054391	0.011476	0.025858	2.830000	0.244678	0.205363	65.101979
5807.311946	0.987039	0.064556	0.989148	69.932235	13.946319	0.000129	-64.390675	-64.390675	-64.390675	0.011180	0.024987	2.830000	0.238891	0.202921	65.418053
5890.963548	0.982080	0.066863	0.984353	69.681565	14.114941	0.000124	-64.722886	-64.722886	-64.722886	0.010884	0.024160	2.830000	0.233216	0.200497	65.731010
5975.820111	0.977961	0.070058	0.980468	69.433929	14.286380	0.000119	-65.050875	-65.050875	-65.050875	0.010590	0.023379	2.830000	0.227650	0.198091	66.040849
6061.898993	0.974847	0.073964	0.977649	69.190135	14.460676	0.000114	-65.374529	-65.374529	-65.374529	0.010300	0.022645	2.830000	0.222194	0.195703	66.347567
6149.217802	0.972863	0.078369	0.976014	68.950830	14.637865	0.000109	-65.693774	-65.693774	-65.693774	0.010014	0.021960	2.830000	0.216845	0.193334	66.651165
6237.794396	0.972091	0.083035	0.975630	68.716458	14.817986	0.000105	-66.008584	-66.008584	-66.008584	0.009733	0.021321	2.830000	0.211604	0.190984	66.951645
6327.646895	0.972564	0.087707	0.976510	68.487223	15.001078	0.000101	-66.318980	-66.318980	-66.318980	0.009460	0.020728	2.830000	0.206469	0.188653	67.249011
6418.793677	0.974260	0.092123	0.978606	68.263064	15.187179	0.000097	-66.625029	-66.625029	-66.625029	0.009196	0.020177	2.830000	0.201439	0.186341	67.543266
6511.253386	0.977103	0.096026	0.981811	68.043648	15.376330	0.000093	-66.926849	-66.926849	-66.926849	0.008941	0.019664	2.830000	0.196512	0.184049	67.834418
6605.044933	0.980959	0.099175	0.985959	67.828375	15.568571	0.000089	-67.224599	-67.224599	-67.224599	0.008698	0.019184	2.830000	0.191688	0.181776	68.122473
6700.187504	0.985640	0.101362	0.990838	67.616402	15.763944	0.000086	-67.518476	-67.518476	-67.518476	0.008465	0.018732	2.830000	0.186965	0.179524	68.407440
6796.700558	0.990913	0.102419	0.996192	67.406679	15.962489	0.000082	-67.808708	-67.808708	-67.808708	0.008244	0.018301	2.830000	0.182342	0.177291	68.689329
6894.603838	0.996509	0.102235	1.001740	67.198007	16.164249	0.000079	-68.095542	-68.095542	-68.095542	0.008035	0.017886	2.830000	0.177818	0.175078	68.968150
6993.917368	1.002133	0.100758	1.007186	66.989093	16.369268	0.000076	-68.379233	-68.379233	-68.379233	0.007837	0.017481	2.830000	0.173391	0.172885	69.243916
7094.661463	1.007479	0.098008	1.012235	66.778622	16.577588	0.000073	-68.660033	-68.660033	-68.660033	0.007650	0.017081	2.830000	0.169059	0.170712	69.516638
7196.856730	1.012250	0.094078	1.016612	66.565327	16.789255	0.000070	-68.938176	-68.938176	-68.938176	0.007472	0.016681	2.830000	0.164823	0.168560	69.786330
7300.524071	1.016170	0.089131	1.020072	66.348057	17.004312	0.000067	-69.213866	-69.213866	-69.213866	0.007304	0.016276	2.830000	0.160679	0.166428	70.053006
7405.684692	1.019010	0.083397	1.022417	66.125845	17.222807	0.000064	-69.487267	-69.487267	-69.487267	0.007141	0.015864	2.830000	0.156628	0.164317	70.316680
7512.360102	1.020596	0.077160	1.023509	65.897970	17.444786	0.000062	-69.758490	-69.758490	-69.758490	0.006985	0.015444	2.830000	0.152666	0.162226	70.577366
7620.572122	1.020830	0.070747	1.023279	65.664006	17.670295	0.000059	-70.027587	-70.027587	-70.027587	0.006831	0.015014	2.830000	0.148794	0.160156	70.835081
7730.342884	1.019697	0.064503	1.021735	65.423865	17.899382	0.000057	-70.294549	-70.294549	-70.294549	0.006680	0.014578	2.830000	0.145009	0.158106	71.089840
7841.694843	1.017274	0.058777	1.018970	65.177823	18.132097	0.000054	-70.559302	-70.559302	-70.559302	0.006529	0.014135	2.830000	0.141310	0.156077	71.341659
7954.650775	1.013725	0.053891	1.015157	64.926526	18.368488	0.000052	-70.821715	-70.821715	-70.821715	0.006377	0.013691	2.830000	0.137695	0.154068	71.590555
8069.233784	1.009302	0.050118	1.010546	64.670983	18.608605	0.000050	-71.081604	-71.081604	-71.081604	0.006223	0.013248	2.830000	0.134164	0.152080	71.836544
8185.467307	1.004325	0.047661	1.005455	64.412521	18.852499	0.000048	-71.338751	-71.338751	-71.338751	0.006067	0.012812	2.830000	0.130715	0.150113	72.079644
8303.375120	0.999164	0.046630	1.000252	64.152716	19.100220	0.000046	-71.592914	-71.592914	-71.592914	0.005908	0.012387	2.830000	0.127345	0.148166	72.319873
8422.981339	0.994216	0.047033	0.995327	63.893294	19.351822	0.000044	-71.843851	-71.843851	-71.843851	0.005747	0.011979	2.830000	0.124055	0.146239	72.557248
8544.310429	0.989869	0.048762	0.991069	63.636004	19.607355	0.000042	-72.091337	-72.091337	-72.091337	0.005585	0.011590	2.830000	0.120842	0.144334	72.791789
8667.387209	0.986477	0.051603	0.987826	63.382462	19.866873	0.000041	-72.335185	-72.335185	-72.335185	0.005422	0.011224	2.830000	0.117705	0.142448	73.023515
8792.236851	0.984323	0.055242	0.985872	63.134000	20.130431	0.000039	-72.575263	-72.575263	-72.575263	0.005261	0.010883	2.830000	0.114643	0.140583	73.252446
8918.884894	0.983590	0.059289	0.985375	62.891513	20.398082	0.000037	-72.811513	-72.811513	-72.811513	0.005103	0.010568	2.830000	0.111654	0.138739	73.478602
9047.357242	0.984343	0.063310	0.986377	62.655345	20.669883	0.000036	-73.043952	-73.043952	-73.043952	0.004950	0.010277	2.830000	0.108736	0.136914	73.702005
9177.680175	0.986511	0.066859	0.988774	62.425222	20.945889	0.000034	-73.272683	-73.272683	-73.272683	0.004803	0.010008	2.830000	0.105889	0.135110	73.922677
9309.880348	0.989892	0.069524	0.992330	62.200249	21.226157	0.000033	-73.497885	-73.497885	-73.497885	0.004663	0.009759	2.830000	0.103111	0.133326	74.140639
9443.984802	0.994158	0.070969	0.996688	61.978976	21.510746	0.000032	-73.719800	-73.719800	-73.719800	0.004532	0.009525	2.830000	0.100400	0.131562	74.355916
9580.020968	0.998886	0.070970	1.001404	61.759536	21.799714	0.000030	-73.938718	-73.938718	-73.938718	0.004410	0.009300	2.830000	0.097756	0.129818	74.568528
9718.016671	1.003592	0.069443	1.005992	61.539818	22.093121	0.000029	-74.154947	-74.154947	-74.154947	0.004297	0.009081	2.830000	0.095177	0.128094	74.778501
9858.000137	1.007784	0.066467	1.009973	61.317690	22.391028	0.000028	-74.368790	-74.368790	-74.368790	0.004192	0.008863	2.830000	0.092661	0.126390	74.985858
10000.000000	1.011008	0.062278	1.012924	61.091219	22.693497	0.000027	-74.580508	-74.580508	-74.580508	0.004093	0.008641	2.830000	0.090207	0.124705	75.190623
10144.045304	1.012906	0.057257	1.014523	60.858880	23.000590	0.000026	-74.790301	-74.790301	-74.790301	0.003999	0.008414	2.830000	0.087814	0.123040	75.392818
10290.165513	1.013264	0.051889	1.014592	60.619744	23.312371	0.000025	-74.998282	-74.998282	-74.998282	0.003909	0.008181	2.830000	0.085480	0.121395	75.592468
10438.390514	1.012040	0.046719	1.013117	60.373603	23.628905	0.000024	-75.204463	-75.204463	-75.204463	0.003819	0.007942	2.830000	0.083205	0.119769	75.789597
10588.750628	1.009383	0.042282	1.010268	60.121039	23.950258	0.000023	-75.408761	-75.408761	-75.408761	0.003729	0.007698	2.830000	0.080987	0.118162	75.984228
10741.276608	1.005626	0.039037	1.006384	59.863410	24.276495	0.000022	-75.610999	-75.610999	-75.610999	0.003637	0.007454	2.830000	0.078825	0.116574	76.176384
10895.999653	1.001252	0.037307	1.001947	59.602739	24.607685	0.000021	-75.810936	-75.810936	-75.810936	0.003542	0.007212	2.830000	0.076717	0.115005	76.366089
11052.951411	0.996838	0.037225	0.997533	59.341507	24.943896	0.000020	-76.008296	-76.008296	-76.008296	0.003444	0.006978	2.830000	0.074663	0.113455	76.553366
11212.163986	0.992983	0.038703	0.993737	59.082347	25.285197	0.000019	-76.202810	-76.202810	-76.202810	0.003343	0.006755	2.830000	0.072661	0.111923	76.738238
11373.669943	0.990224	0.041437	0.991091	58.827676	25.631658	0.000018	-76.394253	-76.394253	-76.394253	0.003242	0.006546	2.830000	0.070710	0.110410	76.920730
11537.502317	0.988957	0.044936	0.989977	58.579314	25.983351	0.000018	-76.582483	-76.582483	-76.582483	0.003141	0.006353	2.830000	0.068808	0.108916	77.100865
11703.694619	0.989367	0.048580	0.990559	58.338151	26.340347	0.000017	-76.767465	-76.767465	-76.767465	0.003043	0.006176	2.830000	0.066956	0.107440	77.278666
11872.280844	0.991390	0.051715	0.992738	58.103947	26.702720	0.000016	-76.949287	-76.949287	-76.949287	0.002950	0.006014	2.830000	0.065151	0.105982	77.454159
12043.295474	0.994708	0.053750	0.996159	57.875313	27.070545	0.000015	-77.128150	-77.128150	-77.128150	0.002862	0.005864	2.830000	0.063392	0.104542	77.627368
12216.773490	0.998785	0.054253	1.000258	57.649896	27.443896	0.000015	-77.304346	-77.304346	-77.304346	0.002782	0.005722	2.830000	0.061679	0.103119	77.798317
12392.750375	1.002947	0.053038	1.004348	57.424744	27.822850	0.000014	-77.478215	-77.478215	-77.478215	0.002709	0.005584	2.830000	0.060010	0.101715	77.967031
12571.262124	1.006483	0.050207	1.007734	57.196789	28.207486	0.000014	-77.650094	-77.650094	-77.650094	0.002642	0.005446	2.830000	0.058385	0.100328	78.133535
12752.345251	1.008776	0.046150	1.009831	56.963371	28.597882	0.000013	-77.820267	-77.820267	-77.820267	0.002580	0.005305	2.830000	0.056801	0.098958	78.297852
12936.036796	1.009414	0.041489	1.010266	56.722718	28.994118	0.000013	-77.988914	-77.988914	-77.988914	0.002521	0.005159	2.830000	0.055259	0.097606	78.460008
13122.374331	1.008281	0.036977	1.008959	56.474297	29.396278	0.000012	-78.156080	-78.156080	-78.156080	0.002463	0.005008	2.830000	0.053758	0.096271	78.620026
13311.395971	1.005596	0.033362	1.006150	56.218983	29.804442	0.000011	-78.321671	-78.321671	-78.321671	0.002404	0.004854	2.830000	0.052295	0.094952	78.777930
13503.140379	1.001888	0.031236	1.002375	55.958983	30.218696	0.000011	-78.485470	-78.485470	-78.485470	0.002342	0.004700	2.830000	0.050871	0.093651	78.933742
13697.646775	0.997905	0.030910	0.998384	55.697498	30.639125	0.000011	-78.647183	-78.647183	-78.647183	0.002277	0.004550	2.830000	0.049485	0.092366	79.087488
13894.954944	0.994475	0.032331	0.995000	55.438137	31.065814	0.000010	-78.806501	-78.806501	-78.806501	0.002209	0.004406	2.830000	0.048134	0.091097	79.239188
14095.105244	0.992329	0.035073	0.992948	55.184157	31.498851	0.000010	-78.963172	-78.963172	-78.963172	0.002140	0.004272	2.830000	0.046820	0.089845	79.388868
14298.138616	0.991935	0.038412	0.992679	54.937697	31.938325	0.000009	-79.117058	-79.117058	-79.117058	0.002071	0.004150	2.830000	0.045540	0.088608	79.536549
14504.096588	0.993380	0.041470	0.994246	54.699197	32.384325	0.000009	-79.268178	-79.268178	-79.268178	0.002006	0.004039	2.830000	0.044295	0.087388	79.682255
14713.021288	0.996325	0.043413	0.997271	54.467195	32.836944	0.000009	-79.416712	-79.416712	-79.416712	0.001945	0.003937	2.830000	0.043082	0.086183	79.826010
14924.955451	1.000065	0.043653	1.001017	54.238602	33.296273	0.000008	-79.562966	-79.562966	-79.562966	0.001890	0.003840	2.830000	0.041901	0.084994	79.967836
15139.942425	1.003678	0.042006	1.004556	54.009410	33.762407	0.000008	-79.707314	-79.707314	-79.707314	0.001841	0.003745	2.830000	0.040752	0.083821	80.107756
15358.026185	1.006253	0.038762	1.006999	53.775673	34.235442	0.000008	-79.850103	-79.850103	-79.850103	0.001797	0.003649	2.830000	0.039634	0.082663	80.245794
15579.251340	1.007122	0.034635	1.007718	53.534510	34.715473	0.000007	-79.991582	-79.991582	-79.991582	0.001756	0.003550	2.830000	0.038545	0.081520	80.381973
15803.663140	1.006058	0.030598	1.006523	53.284901	35.202602	0.000007	-80.131828	-80.131828	-80.131828	0.001716	0.003446	2.830000	0.037486	0.080392	80.516314
16031.307485	1.003356	0.027623	1.003736	53.028055	35.696926	0.000007	-80.270736	-80.270736	-80.270736	0.001674	0.003340	2.830000	0.036455	0.079279	80.648841
16262.230941	0.999783	0.026412	1.000131	52.767216	36.198548	0.000006	-80.408047	-80.408047	-80.408047	0.001629	0.003234	2.830000	0.035451	0.078180	80.779574
16496.480741	0.996379	0.027174	0.996749	52.506873	36.707570	0.000006	-80.543424	-80.543424	-80.543424	0.001581	0.003132	2.830000	0.034475	0.077096	80.908535
16734.104799	0.994161	0.029537	0.994599	52.251503	37.224097	0.000006	-80.676555	-80.676555	-80.676555	0.001531	0.003037	2.830000	0.033525	0.076026	81.035746
16975.151720	0.993807	0.032628	0.994343	52.004155	37.748234	0.000006	-80.807257	-80.807257	-80.807257	0.001481	0.002950	2.830000	0.032600	0.074970	81.161228
17219.670809	0.995426	0.035325	0.996052	51.765364	38.280088	0.000005	-80.935544	-80.935544	-80.935544	0.001434	0.002872	2.830000	0.031701	0.073929	81.285002
17467.712080	0.998485	0.036606	0.999156	51.532831	38.819769	0.000005	-81.061629	-81.061629	-81.061629	0.001391	0.002799	2.830000	0.030825	0.072901	81.407090
17719.326270	1.001961	0.035898	1.002604	51.302082	39.367387	0.000005	-81.185873	-81.185873	-81.185873	0.001353	0.002730	2.830000	0.029974	0.071887	81.527513
17974.564843	1.004657	0.033299	1.005209	51.067933	39.923053	0.000005	-81.308670	-81.308670	-81.308670	0.001320	0.002660	2.830000	0.029145	0.070886	81.646292
18233.480009	1.005625	0.029580	1.006060	50.826271	40.486882	0.000005	-81.430320	-81.430320	-81.430320	0.001290	0.002588	2.830000	0.028339	0.069899	81.763448
18496.124725	1.004517	0.025938	1.004852	50.575568	41.058989	0.000004	-81.550927	-81.550927	-81.550927	0.001261	0.002512	2.830000	0.027555	0.068925	81.879002
18762.552716	1.001753	0.023577	1.002031	50.317558	41.639493	0.000004	-81.670366	-81.670366	-81.670366	0.001229	0.002435	2.830000	0.026792	0.067964	81.992973
19032.818477	0.998399	0.023240	0.998669	50.056790	42.228510	0.000004	-81.788327	-81.788327	-81.788327	0.001195	0.002358	2.830000	0.026050	0.067016	82.105381
19306.977289	0.995778	0.024892	0.996089	49.799027	42.826163	0.000004	-81.904446	-81.904446	-81.904446	0.001158	0.002286	2.830000	0.025328	0.066081	82.216247
19585.085230	0.994952	0.027696	0.995337	49.548967	43.432574	0.000004	-82.018453	-82.018453	-82.018453	0.001120	0.002219	2.830000	0.024625	0.065158	82.325590
19867.199185	0.996259	0.030313	0.996720	49.308165	44.047866	0.000003	-82.130293	-82.130293	-82.130293	0.001083	0.002159	2.830000	0.023942	0.064248	82.433429
20000.000000	0.997468	0.031089	0.997953	49.198605	44.337554	0.000003	-82.181700	-82.181700	-82.181700	0.001067	0.002133	2.830000	0.023630	0.063829	82.483155
